1.000000 
1.000000 
1.000000 
1.000000 
1.000000 
1.000000 
1.000000 
1.000000 
1.000000 
1.000000 
1.000000 
1.000000 
1.000000 
1.000000 
1.000000 
1.000000 
1.000000 
1.000000 
1.000000 
1.000000 
1.000000 
1.000000 
1.000000 
1.000000 
1.000000 
1.000000 
1.000000 
1.000000 
1.000000 
1.000000 
1.000000 
1.000000 
1.000000 
1.000000 
1.000000 
1.000000 
1.000000 
1.000000 
1.000000 
1.000000 
1.000000 
1.000000 
1.000000 
1.000000 
1.000000 
1.000000 
1.000000 
1.000000 
1.000000 
1.000000 
1.000000 
1.000000 
1.000000 
1.000000 
1.000000 
1.000000 
1.000000 
1.000000 
1.000000 
1.000000 
1.000000 
1.000000 
1.000000 
1.000000 
1.000000 
1.000000 
1.000000 
1.000000 
1.000000 
1.000000 
1.000000 
1.000000 
1.000000 
1.000000 
1.000000 
1.000000 
1.000000 
1.000000 
1.000000 
1.000000 
1.000000 
1.000000 
1.000000 
1.000000 
1.000000 
1.000000 
1.000000 
1.000000 
1.000000 
1.000000 
1.000000 
1.000000 
1.000000 
1.000000 
1.000000 
1.000000 
1.000000 
1.000000 
1.000000 
1.000000 
1.000000 
1.000000 
1.000000 
1.000000 
1.000000 
1.000000 
1.000000 
1.000000 
1.000000 
1.000000 
1.000000 
0.999410 
0.999410 
0.999410 
0.998820 
0.998820 
0.998230 
0.997639 
0.997639 
0.995869 
0.994689 
0.993509 
0.991738 
0.989378 
0.984657 
0.981170 
0.975858 
0.969367 
0.961695 
0.955111 
0.947189 
0.938708 
0.930133 
0.921805 
0.912911 
0.904206 
0.895569 
0.886412 
0.876833 
0.867462 
0.857460 
0.847902 
0.837758 
0.827213 
0.815526 
0.804025 
0.791177 
0.778121 
0.764519 
0.748772 
0.732968 
0.716623 
0.697416 
0.678262 
0.658218 
0.635929 
0.613601 
0.590848 
0.565042 
0.540458 
0.515353 
0.488371 
0.462971 
0.437577 
0.410392 
0.386388 
0.362339 
0.338725 
0.317117 
0.297068 
0.276787 
0.259022 
0.242233 
0.225789 
0.211014 
0.197357 
0.183489 
0.171074 
0.159637 
0.147737 
0.136112 
0.125947 
0.114801 
0.104493 
0.094242 
0.084474 
0.074825 
0.065078 
0.056262 
0.047571 
0.040332 
0.031867 
0.023605 
0.018884 
0.014163 
0.012393 
0.010032 
0.007082 
0.005311 
0.004131 
0.002951 
0.002951 
0.002361 
0.001180 
0.000000 
0.000000 
0.000000 
0.000000 
0.000000 
0.000000 
0.000000 
0.000000 
0.000000 
0.000000 
0.000000 
0.000000 
0.000000 
0.000000 
0.000000 
0.000000 
0.000000 
0.000000 
0.000000 
0.000000 
0.000000 
0.000000 
0.000000 
0.000000 
0.000000 
0.000000 
0.000000 
0.000000 
0.000000 
0.000000 
0.000000 
0.000000 
0.000000 
0.000000 
0.000000 
0.000000 
0.000000 
0.000000 
0.000000 
0.000000 
0.000000 
0.000000 
0.000000 
0.000000 
0.000000 
0.000000 
0.000000 
0.000000 
0.000000 
0.000000 
0.000000 
0.000000 
0.000000 
0.000000 
0.000000 
0.000000 
0.000000 
0.000000 
0.000000 
0.000000 
0.000000 
0.000000 
0.000000 
0.000000 
0.000000 
0.000000 
0.000000 
0.000000 
0.000000 
0.000000 
0.000000 
0.000000 
0.000000 
0.000000 
0.000000 
0.000000 
0.000000 
0.000000 
0.000000 
0.000000 
0.000000 
0.000000 
0.000000 
0.000000 
0.000000 
0.000000 
0.000000 
0.000000 
0.000000 
0.000000 
0.000000 
0.000000 
0.000000 
0.000000 
0.000000 
0.000000 
