P_c = [0.172717 0.071216 0.002653 0.000000 0.000000 0.000000 0.000000 0.000000 0.000000],         X = [0.600000 0.900000;0.6600000 0.905000],      SINR_AWGN = -21.001901
P_c = [0.299277 0.351606 0.281921 0.217093 0.155006 0.084058 0.021911 0.000000 0.000000],         X = [0.690000 0.950000;0.600000 0.799000],      SINR_AWGN = -20.006324
P_c = [0.755972 0.595743 0.476361 0.364253 0.251456 0.148264 0.056798 0.000647 0.000000],         X = [0.900000 0.900000;0.468000 0.758000],      SINR_AWGN = -19.006746
P_c = [0.841503 0.699774 0.577824 0.463032 0.355149 0.246058 0.143258 0.048653 0.000000],         X = [0.900000 0.900000;0.392000 0.690000],      SINR_AWGN = -18.002573
P_c = [0.879511 0.768924 0.666737 0.544092 0.419882 0.306517 0.198660 0.104131 0.016641],         X = [0.900000 0.900000;0.300000 0.641000],      SINR_AWGN = -17.008141
P_c = [0.895765 0.775252 0.686686 0.584544 0.472507 0.366919 0.273214 0.181261 0.090687],         X = [0.900000 0.900000;0.290000 0.560000],      SINR_AWGN = -16.006351
P_c = [0.912372 0.803303 0.718068 0.613686 0.501892 0.387740 0.291535 0.203797 0.125392],         X = [0.930000 0.900000;0.250000 0.503000],      SINR_AWGN = -15.000493
P_c = [0.878565 0.767701 0.671697 0.564317 0.450973 0.346457 0.258611 0.162813 0.074608],         X = [0.930000 0.900000;0.260000 0.428000],      SINR_AWGN = -14.003373
P_c = [0.960952 0.847098 0.763654 0.670962 0.552699 0.432879 0.336615 0.235389 0.140114],         X = [0.930000 0.900000;0.200000 0.399000],      SINR_AWGN = -13.003290
P_c = [0.899788 0.751122 0.647257 0.523561 0.391815 0.263979 0.158626 0.062631 0.000806],         X = [0.930000 0.900000;0.151000 0.368000],      SINR_AWGN = -12.003126
P_c = [1.000000 0.991186 0.910212 0.801595 0.676282 0.513398 0.366431 0.249730 0.133123],         X = [0.930000 0.900000;0.146000 0.323000],      SINR_AWGN = -11.001827
P_c = [0.996703 0.925507 0.847179 0.731087 0.609466 0.473836 0.372625 0.285157 0.195102],         X = [0.970000 0.930000;0.147000 0.280000],      SINR_AWGN = -10.009915
P_c = [0.974119 0.880601 0.779978 0.652215 0.486789 0.300922 0.168826 0.057201 0.000000],         X = [0.970000 0.930000;0.141000 0.244000],      SINR_AWGN = -9.008659
P_c = [0.942082 0.827651 0.740281 0.643482 0.527347 0.389861 0.272250 0.187234 0.094070],         X = [0.800000 0.700000;0.100000 0.230000],      SINR_AWGN = -8.004166
P_c = [0.970424 0.859569 0.745601 0.615185 0.460583 0.281835 0.147792 0.040206 0.000000],         X = [0.800000 0.700000;0.100000 0.200000],      SINR_AWGN = -7.007360
P_c = [0.901304 0.750804 0.651063 0.514702 0.358836 0.214626 0.116714 0.021005 0.000000],         X = [0.800000 0.700000;0.100500 0.172000],      SINR_AWGN = -6.003841
P_c = [0.910502 0.821189 0.730155 0.617637 0.479544 0.332474 0.232457 0.131748 0.043429],         X = [0.800000 0.700000;0.090000 0.153000],      SINR_AWGN = -5.002006
P_c = [0.996554 0.940553 0.837312 0.725592 0.582449 0.406048 0.297255 0.191491 0.087935],         X = [0.700000 0.600000;0.079000 0.137000],      SINR_AWGN = -4.009035
P_c = [0.967257 0.868397 0.789312 0.690930 0.577148 0.443009 0.293962 0.206306 0.106205],         X = [0.700000 0.470000;0.070000 0.122000],      SINR_AWGN = -3.001147
P_c = [0.984013 0.856488 0.751745 0.633367 0.491389 0.291448 0.106224 0.005037 0.000000],         X = [0.700000 0.470000;0.070000 0.104000],      SINR_AWGN = -2.001427
P_c = [0.999908 0.967404 0.866474 0.749581 0.601186 0.406976 0.210557 0.086166 0.002041],         X = [0.700000 0.470000;0.059000 0.095000],      SINR_AWGN = -1.009191
P_c = [0.830716 0.654236 0.513540 0.317357 0.174345 0.057601 0.000000 0.000000 0.000000],         X = [0.700000 0.900000;0.049000 0.087000],      SINR_AWGN = -0.001345
P_c = [0.987411 0.692304 0.546338 0.378196 0.198547 0.080078 0.001325 0.000000 0.000000],         X = [0.700000 0.900000;0.041000 0.079000],      SINR_AWGN = 0.997259
P_c = [0.955504 0.678574 0.464057 0.237480 0.056226 0.000000 0.000000 0.000000 0.000000],         X = [0.700000 0.900000;0.037300 0.070000],      SINR_AWGN = 1.998210
P_c = [0.967146 0.648665 0.489426 0.300899 0.083076 0.000205 0.000000 0.000000 0.000000],         X = [0.700000 0.900000;0.030000 0.064000],      SINR_AWGN = 2.999383
P_c = [0.982613 0.828894 0.627634 0.428702 0.211220 0.071325 0.000385 0.000000 0.000000],         X = [0.890000 0.970000;0.029000 0.056000],      SINR_AWGN = 3.994471
P_c = [0.877800 0.591725 0.489275 0.336501 0.139756 0.039061 0.000168 0.000000 0.000000],         X = [0.490000 0.599000;0.025000 0.050000],      SINR_AWGN = 4.999775
P_c = [0.793287 0.711398 0.571663 0.454240 0.308284 0.141786 0.046507 0.000456 0.000000],         X = [0.890000 0.980000;0.020000 0.045900],      SINR_AWGN = 5.998938
P_c = [0.997442 0.856717 0.706265 0.514963 0.333684 0.120623 0.000924 0.000000 0.000000],         X = [0.890000 0.980000;0.019000 0.040380],      SINR_AWGN = 6.998252
P_c = [0.334947 0.123858 0.004685 0.000000 0.000000 0.000000 0.000000 0.000000 0.000000],         X = [0.890000 0.980000;0.010000 0.010000],      SINR_AWGN = 16.979852
P_c = [1.000000 1.000000 1.000000 0.751009 0.704875 0.541882 0.295504 0.020204 0.000000],         X = [0.890000 0.980000;0.010000 0.001000],      SINR_AWGN = 19.946939
P_c = [0.334924 0.120482 0.000309 0.000000 0.000000 0.000000 0.000000 0.000000 0.000000],         X = [0.890000 0.980000;0.001000 0.001000],      SINR_AWGN = 36.979852
P_c = [1.000000 1.000000 1.000000 1.000000 0.936269 0.602229 0.427222 0.149619 0.000000],         X = [0.890000 0.980000;0.010000 0.001000],      SINR_AWGN = 19.946939
P_c = [1.000000 1.000000 1.000000 1.000000 0.936269 0.602229 0.427222 0.149619 0.000000],         X = [0.890000 0.980000;0.010000 0.001000],      SINR_AWGN = 19.946939
