1.000000
1.000000
1.000000
1.000000
1.000000
1.000000
1.000000
1.000000
1.000000
1.000000
1.000000
1.000000
1.000000
1.000000
1.000000
1.000000
1.000000
1.000000
1.000000
1.000000
1.000000
1.000000
1.000000
1.000000
1.000000
1.000000
1.000000
1.000000
1.000000
1.000000
1.000000
1.000000
1.000000
1.000000
1.000000
1.000000
1.000000
1.000000
1.000000
1.000000
1.000000
1.000000
1.000000
1.000000
1.000000
1.000000
1.000000
1.000000
1.000000
1.000000
1.000000
1.000000
1.000000
1.000000
1.000000
1.000000
1.000000
1.000000
1.000000
1.000000
1.000000
1.000000
1.000000
1.000000
1.000000
1.000000
1.000000
1.000000
1.000000
1.000000
1.000000
1.000000
1.000000
1.000000
1.000000
1.000000
1.000000
1.000000
1.000000
1.000000
1.000000
1.000000
1.000000
1.000000
1.000000
1.000000
1.000000
1.000000
1.000000
1.000000
1.000000
1.000000
1.000000
1.000000
1.000000
1.000000
1.000000
1.000000
1.000000
1.000000
1.000000
1.000000
1.000000
1.000000
1.000000
1.000000
0.998987
0.998480
0.995947
0.993921
0.992402
0.987842
0.982270
0.976191
0.969104
0.961501
0.952885
0.943878
0.935582
0.926449
0.917181
0.908350
0.899149
0.889945
0.880489
0.870310
0.860260
0.850009
0.838645
0.827652
0.816223
0.803657
0.791483
0.778693
0.764588
0.750160
0.736151
0.720575
0.705059
0.689251
0.671508
0.654781
0.637207
0.618676
0.601201
0.583142
0.563893
0.546117
0.528962
0.510313
0.492914
0.476140
0.458524
0.442236
0.426667
0.410420
0.394396
0.379918
0.364631
0.350767
0.336574
0.321895
0.308674
0.296309
0.282734
0.270710
0.259302
0.247256
0.236535
0.225818
0.215136
0.205640
0.195954
0.185519
0.176661
0.167460
0.157890
0.149311
0.140973
0.132269
0.123962
0.115979
0.107568
0.099872
0.091841
0.083987
0.076575
0.068993
0.061054
0.053679
0.048107
0.039693
0.033614
0.028874
0.024315
0.019756
0.015197
0.011144
0.008612
0.006585
0.005572
0.003546
0.003039
0.002533
0.002026
0.000507
0.000507
0.000507
0.000507
0.000507
0.000507
0.000507
0.000507
0.000507
0.000507
0.000507
0.000507
0.000507
0.000000
0.000000
0.000000
0.000000
0.000000
0.000000
0.000000
0.000000
0.000000
0.000000
0.000000
0.000000
0.000000
0.000000
0.000000
0.000000
0.000000
0.000000
0.000000
0.000000
0.000000
0.000000
0.000000
0.000000
0.000000
0.000000
0.000000
0.000000
0.000000
0.000000
0.000000
0.000000
0.000000
0.000000
0.000000
0.000000
0.000000
0.000000
0.000000
0.000000
0.000000
0.000000
0.000000
0.000000
0.000000
0.000000
0.000000
0.000000
0.000000
0.000000
0.000000
0.000000
0.000000
0.000000
0.000000
0.000000
0.000000
0.000000
0.000000
0.000000
0.000000
0.000000
0.000000
0.000000
0.000000
0.000000
0.000000
0.000000
0.000000
0.000000
0.000000
0.000000
0.000000
0.000000
0.000000
0.000000
0.000000
0.000000
0.000000
0.000000
0.000000
0.000000
