P_c = [0.129893 0.030388 0.000176 0.000000 0.000000 0.000000 0.000000 0.000000 0.000000],         X = [0.600000 0.900000;0.660000 0.905000],      SINR_AWGN = -21.001901
P_c = [0.162431 0.080665 0.004967 0.000000 0.000000 0.000000 0.000000 0.000000 0.000000],         X = [0.690000 0.950000;0.600000 0.799000],      SINR_AWGN = -20.006324
P_c = [0.727853 0.563812 0.447024 0.344131 0.244094 0.148135 0.056866 0.000307 0.000000],         X = [0.900000 0.900000;0.468000 0.758000],      SINR_AWGN = -19.006746
P_c = [0.893216 0.742192 0.652993 0.558950 0.464083 0.373996 0.288391 0.209450 0.124659],         X = [0.900000 0.900000;0.392000 0.690000],      SINR_AWGN = -18.002573
P_c = [0.927678 0.863003 0.796060 0.717666 0.623969 0.535076 0.455255 0.380944 0.304219],         X = [0.900000 0.900000;0.300000 0.641000],      SINR_AWGN = -17.008141
P_c = [0.986697 0.869714 0.768383 0.650992 0.502594 0.354989 0.220447 0.106932 0.010300],         X = [0.900000 0.900000;0.290000 0.560000],      SINR_AWGN = -16.006351
P_c = [0.954795 0.794104 0.705160 0.612182 0.495378 0.380275 0.279297 0.180901 0.087138],         X = [0.930000 0.900000;0.250000 0.503000],      SINR_AWGN = -15.000493
P_c = [0.893521 0.807113 0.718650 0.611747 0.498381 0.398528 0.313111 0.230438 0.141549],         X = [0.930000 0.900000;0.260000 0.428000],      SINR_AWGN = -14.003373
P_c = [0.963516 0.894556 0.812830 0.717261 0.604185 0.473237 0.370123 0.272778 0.171410],         X = [0.930000 0.900000;0.200000 0.399000],      SINR_AWGN = -13.003290
P_c = [0.990936 0.885223 0.814433 0.733931 0.628975 0.516658 0.412387 0.327682 0.243360],         X = [0.930000 0.900000;0.151000 0.368000],      SINR_AWGN = -12.003126
P_c = [0.998991 0.956880 0.857587 0.739127 0.598165 0.437458 0.307238 0.187781 0.072082],         X = [0.930000 0.900000;0.146000 0.323000],      SINR_AWGN = -11.001827
P_c = [0.958073 0.851311 0.775434 0.690502 0.584012 0.468361 0.391719 0.313663 0.240892],         X = [0.970000 0.930000;0.147000 0.280000],      SINR_AWGN = -10.009915
P_c = [0.994632 0.899538 0.809479 0.699889 0.556587 0.414508 0.319285 0.229029 0.142622],         X = [0.970000 0.930000;0.141000 0.244000],      SINR_AWGN = -9.008659
P_c = [0.963772 0.858470 0.775702 0.679412 0.571367 0.439828 0.325435 0.230983 0.137796],         X = [0.800000 0.700000;0.100000 0.230000],      SINR_AWGN = -8.004166
P_c = [0.999965 0.932164 0.820674 0.706384 0.552658 0.370404 0.251684 0.141784 0.035585],         X = [0.800000 0.700000;0.100000 0.200000],      SINR_AWGN = -7.007360
P_c = [0.941961 0.851732 0.754278 0.633144 0.506637 0.332626 0.215236 0.103202 0.013160],         X = [0.800000 0.700000;0.100500 0.172000],      SINR_AWGN = -6.003841
P_c = [1.000000 0.984885 0.907611 0.814260 0.711109 0.568430 0.472076 0.394433 0.311886],         X = [0.800000 0.700000;0.090000 0.153000],      SINR_AWGN = -5.002006
P_c = [0.942585 0.858913 0.774674 0.676354 0.545559 0.385608 0.279248 0.180195 0.084960],         X = [0.700000 0.600000;0.079000 0.137000],      SINR_AWGN = -4.009035
P_c = [0.998180 0.944808 0.858429 0.758796 0.642324 0.490804 0.340180 0.241487 0.137840],         X = [0.700000 0.470000;0.070000 0.122000],      SINR_AWGN = -3.001147
P_c = [0.987847 0.936916 0.859047 0.757375 0.654285 0.499092 0.386642 0.306985 0.227507],         X = [0.700000 0.470000;0.070000 0.104000],      SINR_AWGN = -2.001427
P_c = [0.992433 0.909126 0.823532 0.730401 0.622645 0.489496 0.355511 0.273182 0.183382],         X = [0.700000 0.470000;0.059000 0.095000],      SINR_AWGN = -1.009191
P_c = [0.972014 0.828487 0.674489 0.461083 0.313121 0.173899 0.044042 0.000000 0.000000],         X = [0.700000 0.900000;0.049000 0.087000],      SINR_AWGN = -0.001345
P_c = [0.995733 0.817828 0.614073 0.407963 0.155918 0.020961 0.000000 0.000000 0.000000],         X = [0.700000 0.900000;0.041000 0.079000],      SINR_AWGN = 0.997259
P_c = [0.819061 0.607662 0.459659 0.266446 0.130752 0.023888 0.000000 0.000000 0.000000],         X = [0.700000 0.900000;0.037300 0.070000],      SINR_AWGN = 1.998210
P_c = [0.995932 0.822449 0.690765 0.543751 0.387372 0.302983 0.219822 0.118878 0.025864],         X = [0.700000 0.900000;0.030000 0.064000],      SINR_AWGN = 2.999383
P_c = [0.978177 0.763925 0.621029 0.494462 0.312196 0.172123 0.048850 0.000000 0.000000],         X = [0.890000 0.970000;0.029000 0.056000],      SINR_AWGN = 3.994471
P_c = [0.999758 0.851002 0.648969 0.458061 0.177547 0.020757 0.000000 0.000000 0.000000],         X = [0.490000 0.599000;0.025000 0.050000],      SINR_AWGN = 4.999775
P_c = [1.000000 0.999788 0.844711 0.623605 0.409300 0.171514 0.005509 0.000000 0.000000],         X = [0.890000 0.980000;0.020000 0.045900],      SINR_AWGN = 5.998938
P_c = [0.935320 0.706308 0.576523 0.445482 0.279542 0.071869 0.000000 0.000000 0.000000],         X = [0.890000 0.980000;0.019000 0.040380],      SINR_AWGN = 6.998252
P_c = [0.470517 0.217612 0.033536 0.000000 0.000000 0.000000 0.000000 0.000000 0.000000],         X = [0.890000 0.980000;0.010000 0.010000],      SINR_AWGN = 16.979852
P_c = [1.000000 1.000000 1.000000 1.000000 1.000000 1.000000 0.711504 0.056710 0.000000],         X = [0.890000 0.980000;0.010000 0.001000],      SINR_AWGN = 19.946939
P_c = [1.000000 1.000000 1.000000 1.000000 0.999015 0.658718 0.319436 0.008863 0.000000],         X = [0.890000 0.980000;0.005000 0.001000],      SINR_AWGN = 25.840419
P_c = [1.000000 1.000000 1.000000 1.000000 0.846172 0.515508 0.123890 0.000000 0.000000],         X = [0.890000 0.980000;0.003000 0.001000],      SINR_AWGN = 29.990152
P_c = [1.000000 0.665970 0.648252 0.648252 0.569206 0.211855 0.006391 0.000000 0.000000],         X = [0.890000 0.980000;0.002000 0.001000],      SINR_AWGN = 33.000452
P_c = [1.000000 1.000000 1.000000 0.940545 0.567108 0.117877 0.000000 0.000000 0.000000],         X = [0.890000 0.980000;0.001500 0.001000],      SINR_AWGN = 34.871319
P_c = [1.000000 1.000000 0.773987 0.337918 0.065059 0.000000 0.000000 0.000000 0.000000],         X = [0.890000 0.980000;0.001200 0.001000],      SINR_AWGN = 36.116254
P_c = [0.997231 0.691660 0.353189 0.088735 0.000000 0.000000 0.000000 0.000000 0.000000],         X = [0.890000 0.980000;0.001100 0.001000],      SINR_AWGN = 36.546230
P_c = [0.803357 0.447824 0.172892 0.005638 0.000000 0.000000 0.000000 0.000000 0.000000],         X = [0.890000 0.980000;0.001050 0.001000],      SINR_AWGN = 36.762792
P_c = [0.405335 0.156852 0.001111 0.000000 0.000000 0.000000 0.000000 0.000000 0.000000],         X = [0.890000 0.980000;0.001000 0.001000],      SINR_AWGN = 36.979852
P_c = [0.312510 0.116635 0.001042 0.000000 0.000000 0.000000 0.000000 0.000000 0.000000],         X = [0.890000 0.980000;0.000010 0.000010],      SINR_AWGN = 76.979852
P_c = [0.429368 0.185209 0.011603 0.000000 0.000000 0.000000 0.000000 0.000000 0.000000],         X = [0.890000 0.980000;0.000000 0.000000],      SINR_AWGN = 116.979852
P_c = [0.387317 0.162048 0.004052 0.000000 0.000000 0.000000 0.000000 0.000000 0.000000],         X = [0.890000 0.980000;0.000000 0.000000],      SINR_AWGN = 176.979852
P_c = [0.000000 0.000000 0.000000 0.000000 0.000000 0.000000 0.000000 0.000000 0.000000],         X = [0.890000 0.980000;0.001050 0.001000],      SINR_AWGN = 36.762792
P_c = [0.384723 0.225479 0.099988 0.004228 0.000000 0.000000 0.000000 0.000000 0.000000],         X = [0.890000 0.980000;0.001050 0.001000],      SINR_AWGN = 36.762792
P_c = [0.419273 0.265411 0.145833 0.051025 0.000000 0.000000 0.000000 0.000000 0.000000],         X = [0.890000 0.980000;0.001050 0.001000],      SINR_AWGN = 36.762792
P_c = [0.398335 0.234924 0.109036 0.012843 0.000000 0.000000 0.000000 0.000000 0.000000],         X = [0.890000 0.980000;0.001050 0.001000],      SINR_AWGN = 36.762792
P_c = [0.591123 0.281568 0.063965 0.000000 0.000000 0.000000 0.000000 0.000000 0.000000],         X = [0.890000 0.980000;0.001050 0.001000],      SINR_AWGN = 36.762792
