1.000000
1.000000
1.000000
1.000000
1.000000
1.000000
1.000000
1.000000
1.000000
1.000000
1.000000
1.000000
1.000000
1.000000
1.000000
1.000000
1.000000
1.000000
1.000000
1.000000
1.000000
1.000000
1.000000
1.000000
1.000000
1.000000
1.000000
1.000000
1.000000
1.000000
1.000000
1.000000
1.000000
1.000000
1.000000
1.000000
1.000000
1.000000
1.000000
1.000000
1.000000
1.000000
1.000000
1.000000
1.000000
1.000000
1.000000
1.000000
1.000000
1.000000
1.000000
1.000000
1.000000
1.000000
1.000000
1.000000
1.000000
1.000000
1.000000
1.000000
1.000000
1.000000
1.000000
1.000000
1.000000
1.000000
1.000000
1.000000
1.000000
1.000000
1.000000
1.000000
1.000000
1.000000
1.000000
1.000000
1.000000
1.000000
1.000000
1.000000
1.000000
1.000000
1.000000
1.000000
1.000000
1.000000
1.000000
1.000000
1.000000
1.000000
1.000000
1.000000
1.000000
1.000000
1.000000
1.000000
1.000000
1.000000
1.000000
1.000000
1.000000
1.000000
1.000000
1.000000
1.000000
1.000000
1.000000
1.000000
1.000000
1.000000
1.000000
1.000000
1.000000
1.000000
1.000000
1.000000
1.000000
1.000000
1.000000
1.000000
1.000000
1.000000
1.000000
1.000000
1.000000
1.000000
1.000000
1.000000
1.000000
1.000000
1.000000
1.000000
1.000000
0.999486
0.999486
0.998458
0.997431
0.995375
0.992292
0.989209
0.985613
0.980988
0.975336
0.967054
0.959860
0.952619
0.944370
0.936496
0.928824
0.920013
0.911838
0.903480
0.894816
0.885769
0.876641
0.866250
0.856581
0.846378
0.834919
0.823383
0.810897
0.797626
0.784307
0.770695
0.755269
0.740453
0.725179
0.708033
0.692045
0.675973
0.658382
0.640585
0.623166
0.604671
0.587202
0.569772
0.551382
0.533977
0.517043
0.498644
0.481924
0.465439
0.448499
0.433122
0.418107
0.402445
0.388431
0.374428
0.360272
0.347462
0.334297
0.321130
0.309174
0.297035
0.285139
0.274197
0.263128
0.251437
0.240880
0.231083
0.220326
0.210795
0.201118
0.191336
0.181206
0.171845
0.160899
0.152054
0.141857
0.132794
0.124895
0.116745
0.107669
0.099919
0.091535
0.083473
0.075625
0.068355
0.059079
0.051709
0.046057
0.038527
0.032875
0.026736
0.020040
0.015415
0.012846
0.009249
0.006166
0.005138
0.005138
0.003597
0.003597
0.003083
0.002055
0.001542
0.001028
0.000514
0.000000
0.000000
0.000000
0.000000
0.000000
0.000000
0.000000
0.000000
0.000000
0.000000
0.000000
0.000000
0.000000
0.000000
0.000000
0.000000
0.000000
0.000000
0.000000
0.000000
0.000000
0.000000
0.000000
0.000000
0.000000
0.000000
0.000000
0.000000
0.000000
0.000000
0.000000
0.000000
0.000000
0.000000
0.000000
0.000000
0.000000
0.000000
0.000000
0.000000
0.000000
0.000000
0.000000
0.000000
0.000000
0.000000
0.000000
0.000000
0.000000
0.000000
0.000000
0.000000
0.000000
0.000000
0.000000
0.000000
0.000000
0.000000
0.000000
0.000000
0.000000
0.000000
