P_c = [1.000000 1.000000 1.000000 1.000000 0.900782 0.419331 0.047250 0.000000 0.000000],         X = [0.600000 0.900000;0.660000 0.905000],      SINR_AWGN = -21.001901
P_c = [1.000000 1.000000 1.000000 0.999483 0.787912 0.217793 0.000000 0.000000 0.000000],         X = [0.690000 0.950000;0.600000 0.799000],      SINR_AWGN = -20.006324
P_c = [1.000000 1.000000 1.000000 1.000000 0.879832 0.394872 0.012330 0.000000 0.000000],         X = [0.900000 0.900000;0.468000 0.758000],      SINR_AWGN = -19.006746
P_c = [1.000000 1.000000 1.000000 1.000000 0.882802 0.370037 0.061832 0.000000 0.000000],         X = [0.900000 0.900000;0.392000 0.690000],      SINR_AWGN = -18.002573
P_c = [1.000000 1.000000 1.000000 0.981664 0.713894 0.209756 0.000965 0.000000 0.000000],         X = [0.900000 0.900000;0.300000 0.641000],      SINR_AWGN = -17.008141
P_c = [1.000000 1.000000 1.000000 1.000000 0.822449 0.283449 0.003591 0.000000 0.000000],         X = [0.900000 0.900000;0.290000 0.560000],      SINR_AWGN = -16.006351
P_c = [1.000000 1.000000 1.000000 0.947237 0.685814 0.291135 0.015371 0.000000 0.000000],         X = [0.930000 0.900000;0.250000 0.503000],      SINR_AWGN = -15.000493
P_c = [1.000000 1.000000 1.000000 0.998752 0.816129 0.424951 0.124288 0.000000 0.000000],         X = [0.930000 0.900000;0.260000 0.428000],      SINR_AWGN = -14.003373
P_c = [1.000000 1.000000 1.000000 0.985352 0.771625 0.410588 0.085925 0.000000 0.000000],         X = [0.930000 0.900000;0.200000 0.399000],      SINR_AWGN = -13.003290
P_c = [1.000000 1.000000 1.000000 0.996383 0.775762 0.326781 0.057554 0.000000 0.000000],         X = [0.930000 0.900000;0.151000 0.368000],      SINR_AWGN = -12.003126
P_c = [1.000000 1.000000 1.000000 0.975842 0.732520 0.286316 0.035350 0.000000 0.000000],         X = [0.930000 0.900000;0.146000 0.323000],      SINR_AWGN = -11.001827
P_c = [1.000000 1.000000 1.000000 0.999175 0.818875 0.460463 0.139093 0.000000 0.000000],         X = [0.970000 0.930000;0.147000 0.280000],      SINR_AWGN = -10.009915
P_c = [1.000000 1.000000 1.000000 0.995353 0.770087 0.355854 0.081175 0.000000 0.000000],         X = [0.970000 0.930000;0.141000 0.244000],      SINR_AWGN = -9.008659
P_c = [1.000000 1.000000 1.000000 0.994312 0.761495 0.295784 0.009954 0.000000 0.000000],         X = [0.800000 0.700000;0.100000 0.230000],      SINR_AWGN = -8.004166
P_c = [1.000000 1.000000 1.000000 1.000000 0.862993 0.463418 0.148662 0.001334 0.000000],         X = [0.800000 0.700000;0.100000 0.200000],      SINR_AWGN = -7.007360
P_c = [1.000000 1.000000 1.000000 0.981033 0.764557 0.399943 0.116863 0.000000 0.000000],         X = [0.800000 0.700000;0.100500 0.172000],      SINR_AWGN = -6.003841
P_c = [1.000000 1.000000 1.000000 1.000000 0.844889 0.431078 0.107539 0.000464 0.000000],         X = [0.800000 0.700000;0.090000 0.153000],      SINR_AWGN = -5.002006
P_c = [1.000000 1.000000 1.000000 1.000000 0.942725 0.663957 0.230735 0.007020 0.000000],         X = [0.700000 0.600000;0.079000 0.137000],      SINR_AWGN = -4.009035
P_c = [1.000000 1.000000 1.000000 1.000000 0.882436 0.493167 0.110638 0.000000 0.000000],         X = [0.700000 0.470000;0.070000 0.122000],      SINR_AWGN = -3.001147
P_c = [1.000000 1.000000 1.000000 0.895355 0.598069 0.215553 0.003819 0.000000 0.000000],         X = [0.700000 0.470000;0.070000 0.104000],      SINR_AWGN = -2.001427
P_c = [1.000000 1.000000 1.000000 0.999143 0.839095 0.439840 0.138027 0.000428 0.000000],         X = [0.700000 0.470000;0.059000 0.095000],      SINR_AWGN = -1.009191
P_c = [1.000000 1.000000 1.000000 0.984748 0.775645 0.380417 0.105661 0.000000 0.000000],         X = [0.700000 0.900000;0.049000 0.087000],      SINR_AWGN = -0.001345
P_c = [1.000000 1.000000 1.000000 0.994789 0.768899 0.295481 0.015159 0.000000 0.000000],         X = [0.700000 0.900000;0.041000 0.079000],      SINR_AWGN = 0.997259
P_c = [1.000000 1.000000 1.000000 0.998266 0.830470 0.504166 0.121993 0.000000 0.000000],         X = [0.700000 0.900000;0.037300 0.070000],      SINR_AWGN = 1.998210
P_c = [1.000000 1.000000 1.000000 1.000000 0.899032 0.603418 0.230632 0.013310 0.000000],         X = [0.700000 0.900000;0.030000 0.064000],      SINR_AWGN = 2.999383
P_c = [1.000000 1.000000 1.000000 1.000000 0.841657 0.458757 0.079953 0.000000 0.000000],         X = [0.890000 0.970000;0.029000 0.056000],      SINR_AWGN = 3.994471
P_c = [1.000000 1.000000 1.000000 0.998591 0.825942 0.411508 0.077328 0.000000 0.000000],         X = [0.490000 0.599000;0.025000 0.050000],      SINR_AWGN = 4.999775
P_c = [1.000000 1.000000 1.000000 0.922841 0.665071 0.305153 0.066195 0.000000 0.000000],         X = [0.890000 0.980000;0.020000 0.045900],      SINR_AWGN = 5.998938
P_c = [1.000000 1.000000 1.000000 0.990803 0.796075 0.464019 0.151251 0.000000 0.000000],         X = [0.890000 0.980000;0.019000 0.040380],      SINR_AWGN = 6.998252
P_c = [1.000000 1.000000 1.000000 1.000000 0.934533 0.403495 0.000000 0.000000 0.000000],         X = [0.890000 0.980000;0.010000 0.001000],      SINR_AWGN = 19.946939
P_c = [1.000000 1.000000 1.000000 1.000000 0.881912 0.220643 0.000000 0.000000 0.000000],         X = [0.990000 0.990000;0.000100 0.000010],      SINR_AWGN = 59.948055
P_c = [1.000000 1.000000 1.000000 1.000000 0.965027 0.525859 0.007577 0.000000 0.000000],         X = [0.990000 0.990000;0.000000 0.000000],      SINR_AWGN = 116.980969
P_c = [1.000000 1.000000 1.000000 1.000000 0.841904 0.248078 0.000000 0.000000 0.000000],         X = [0.990000 0.990000;0.000000 0.000000],      SINR_AWGN = 156.980969
P_c = [1.000000 1.000000 1.000000 0.997165 0.827533 0.363630 0.044547 0.000000 0.000000],         X = [0.990000 0.990000;0.000000 0.000000],      SINR_AWGN = 156.980969
