1.000000 
1.000000 
1.000000 
1.000000 
1.000000 
1.000000 
1.000000 
1.000000 
1.000000 
1.000000 
1.000000 
1.000000 
1.000000 
1.000000 
1.000000 
1.000000 
1.000000 
1.000000 
1.000000 
1.000000 
1.000000 
1.000000 
1.000000 
1.000000 
1.000000 
1.000000 
1.000000 
1.000000 
1.000000 
1.000000 
1.000000 
1.000000 
1.000000 
1.000000 
1.000000 
1.000000 
1.000000 
1.000000 
1.000000 
1.000000 
1.000000 
1.000000 
1.000000 
1.000000 
1.000000 
1.000000 
1.000000 
1.000000 
1.000000 
1.000000 
1.000000 
1.000000 
1.000000 
1.000000 
1.000000 
1.000000 
1.000000 
1.000000 
1.000000 
1.000000 
1.000000 
1.000000 
1.000000 
1.000000 
1.000000 
1.000000 
1.000000 
1.000000 
1.000000 
1.000000 
1.000000 
1.000000 
1.000000 
1.000000 
1.000000 
1.000000 
1.000000 
1.000000 
1.000000 
1.000000 
1.000000 
1.000000 
1.000000 
1.000000 
1.000000 
1.000000 
1.000000 
1.000000 
1.000000 
1.000000 
1.000000 
1.000000 
1.000000 
1.000000 
1.000000 
1.000000 
1.000000 
1.000000 
1.000000 
1.000000 
1.000000 
1.000000 
1.000000 
1.000000 
1.000000 
1.000000 
1.000000 
1.000000 
1.000000 
1.000000 
1.000000 
1.000000 
1.000000 
1.000000 
1.000000 
1.000000 
1.000000 
1.000000 
1.000000 
1.000000 
1.000000 
1.000000 
1.000000 
1.000000 
0.998956 
0.997911 
0.997911 
0.996345 
0.995300 
0.992689 
0.990079 
0.987468 
0.984857 
0.980679 
0.975980 
0.969713 
0.962925 
0.955276 
0.948488 
0.941213 
0.932905 
0.925517 
0.917652 
0.909350 
0.901457 
0.892676 
0.884109 
0.875684 
0.867437 
0.857747 
0.848710 
0.839957 
0.830009 
0.819907 
0.809519 
0.797888 
0.786416 
0.774793 
0.761275 
0.747354 
0.732692 
0.715779 
0.699424 
0.681490 
0.661410 
0.641473 
0.620661 
0.597805 
0.575198 
0.552033 
0.527303 
0.503983 
0.480912 
0.456252 
0.434803 
0.413342 
0.391617 
0.372127 
0.354163 
0.336794 
0.321370 
0.306583 
0.292277 
0.279323 
0.266901 
0.254142 
0.243718 
0.233786 
0.223132 
0.213394 
0.203180 
0.193184 
0.183115 
0.172453 
0.162378 
0.151535 
0.142773 
0.132610 
0.123912 
0.114073 
0.104311 
0.096010 
0.086638 
0.077234 
0.067868 
0.060061 
0.050733 
0.043863 
0.038119 
0.031842 
0.025570 
0.019826 
0.014621 
0.012010 
0.010444 
0.007311 
0.006266 
0.005744 
0.002611 
0.002089 
0.002089 
0.001044 
0.000522 
0.000522 
0.000522 
0.000522 
0.000522 
0.000522 
0.000000 
0.000000 
0.000000 
0.000000 
0.000000 
0.000000 
0.000000 
0.000000 
0.000000 
0.000000 
0.000000 
0.000000 
0.000000 
0.000000 
0.000000 
0.000000 
0.000000 
0.000000 
0.000000 
0.000000 
0.000000 
0.000000 
0.000000 
0.000000 
0.000000 
0.000000 
0.000000 
0.000000 
0.000000 
0.000000 
0.000000 
0.000000 
0.000000 
0.000000 
0.000000 
0.000000 
0.000000 
0.000000 
0.000000 
0.000000 
0.000000 
0.000000 
0.000000 
0.000000 
0.000000 
0.000000 
0.000000 
0.000000 
0.000000 
0.000000 
0.000000 
0.000000 
0.000000 
0.000000 
0.000000 
0.000000 
0.000000 
0.000000 
0.000000 
0.000000 
0.000000 
0.000000 
0.000000 
0.000000 
0.000000 
0.000000 
0.000000 
0.000000 
0.000000 
0.000000 
0.000000 
0.000000 
