1.000000 
1.000000 
1.000000 
1.000000 
1.000000 
1.000000 
1.000000 
1.000000 
1.000000 
1.000000 
1.000000 
1.000000 
1.000000 
1.000000 
1.000000 
1.000000 
1.000000 
1.000000 
1.000000 
1.000000 
1.000000 
1.000000 
1.000000 
1.000000 
1.000000 
1.000000 
1.000000 
1.000000 
1.000000 
1.000000 
1.000000 
1.000000 
1.000000 
1.000000 
1.000000 
1.000000 
1.000000 
1.000000 
1.000000 
1.000000 
1.000000 
1.000000 
1.000000 
1.000000 
1.000000 
1.000000 
1.000000 
1.000000 
1.000000 
1.000000 
1.000000 
1.000000 
1.000000 
1.000000 
1.000000 
1.000000 
1.000000 
1.000000 
1.000000 
1.000000 
1.000000 
1.000000 
1.000000 
0.999519 
0.999519 
0.999519 
0.999519 
0.999519 
0.999519 
0.999519 
0.999519 
0.999519 
0.999519 
0.999519 
0.999519 
0.999519 
0.999519 
0.999519 
0.999519 
0.999038 
0.998556 
0.998556 
0.998556 
0.997594 
0.997113 
0.997113 
0.996151 
0.995188 
0.994226 
0.993745 
0.992301 
0.990377 
0.989414 
0.987971 
0.985565 
0.981234 
0.979310 
0.975460 
0.969686 
0.964875 
0.959470 
0.952944 
0.948132 
0.941833 
0.935097 
0.928736 
0.921821 
0.914167 
0.907204 
0.900235 
0.892672 
0.885493 
0.878024 
0.870415 
0.862316 
0.854448 
0.846209 
0.838275 
0.830473 
0.820931 
0.812523 
0.804305 
0.795401 
0.786496 
0.777003 
0.766894 
0.756860 
0.747791 
0.737497 
0.727129 
0.717034 
0.706035 
0.694753 
0.683746 
0.672106 
0.660135 
0.648179 
0.634721 
0.621526 
0.608315 
0.594126 
0.579774 
0.565555 
0.549400 
0.534829 
0.519513 
0.502073 
0.486044 
0.469298 
0.451200 
0.434151 
0.416360 
0.398127 
0.380814 
0.364017 
0.345841 
0.329034 
0.312290 
0.294614 
0.279184 
0.264427 
0.249281 
0.235964 
0.223428 
0.210110 
0.198158 
0.187238 
0.176162 
0.166282 
0.156099 
0.146784 
0.137977 
0.129330 
0.120658 
0.112239 
0.104728 
0.096700 
0.088996 
0.080855 
0.073313 
0.064316 
0.056870 
0.049604 
0.042839 
0.036088 
0.028875 
0.025507 
0.018775 
0.014445 
0.012029 
0.008180 
0.004812 
0.003849 
0.000962 
0.000962 
0.000481 
0.000000 
0.000000 
0.000000 
0.000000 
0.000000 
0.000000 
0.000000 
0.000000 
0.000000 
0.000000 
0.000000 
0.000000 
0.000000 
0.000000 
0.000000 
0.000000 
0.000000 
0.000000 
0.000000 
0.000000 
0.000000 
0.000000 
0.000000 
0.000000 
0.000000 
0.000000 
0.000000 
0.000000 
0.000000 
0.000000 
0.000000 
0.000000 
0.000000 
0.000000 
0.000000 
0.000000 
0.000000 
0.000000 
0.000000 
0.000000 
0.000000 
0.000000 
0.000000 
0.000000 
0.000000 
0.000000 
0.000000 
0.000000 
0.000000 
0.000000 
0.000000 
0.000000 
0.000000 
0.000000 
0.000000 
0.000000 
0.000000 
0.000000 
0.000000 
0.000000 
0.000000 
0.000000 
0.000000 
0.000000 
0.000000 
0.000000 
0.000000 
0.000000 
0.000000 
0.000000 
0.000000 
0.000000 
0.000000 
0.000000 
0.000000 
0.000000 
0.000000 
0.000000 
0.000000 
0.000000 
0.000000 
0.000000 
0.000000 
0.000000 
0.000000 
0.000000 
0.000000 
0.000000 
0.000000 
0.000000 
0.000000 
0.000000 
0.000000 
0.000000 
0.000000 
0.000000 
0.000000 
0.000000 
0.000000 
0.000000 
0.000000 
0.000000 
0.000000 
0.000000 
