1.000000
1.000000
1.000000
1.000000
1.000000
1.000000
1.000000
1.000000
1.000000
1.000000
1.000000
1.000000
1.000000
1.000000
1.000000
1.000000
1.000000
1.000000
1.000000
1.000000
1.000000
1.000000
1.000000
1.000000
1.000000
1.000000
1.000000
1.000000
1.000000
1.000000
1.000000
1.000000
1.000000
0.998331
0.997497
0.997079
0.995410
0.994576
0.991655
0.987900
0.981641
0.976607
0.970306
0.963650
0.957242
0.951080
0.943874
0.937442
0.931107
0.923127
0.916217
0.909152
0.901004
0.893132
0.885002
0.875762
0.866124
0.856437
0.845427
0.835363
0.824324
0.812190
0.800350
0.788917
0.776124
0.763173
0.749679
0.736392
0.723241
0.710069
0.695390
0.681997
0.668500
0.654787
0.641945
0.628996
0.615212
0.602856
0.590506
0.577556
0.565911
0.554671
0.542555
0.531811
0.521155
0.509547
0.499214
0.488766
0.477721
0.467591
0.457628
0.447187
0.437230
0.426978
0.416857
0.406031
0.394996
0.384305
0.373421
0.362698
0.351964
0.341236
0.330568
0.320040
0.309059
0.299648
0.289902
0.279113
0.269479
0.259625
0.249840
0.240780
0.231519
0.221295
0.212769
0.204993
0.195235
0.187001
0.178018
0.169334
0.161646
0.153988
0.145456
0.138090
0.130704
0.122965
0.115877
0.107553
0.100542
0.093715
0.087484
0.080664
0.075008
0.068830
0.061639
0.055176
0.049334
0.043071
0.037646
0.032222
0.028373
0.023366
0.019193
0.015855
0.013352
0.010848
0.008345
0.007928
0.005007
0.003755
0.002921
0.001669
0.000834
0.000834
0.000834
0.000834
0.000417
0.000000
0.000000
0.000000
0.000000
0.000000
0.000000
0.000000
0.000000
0.000000
0.000000
0.000000
0.000000
0.000000
0.000000
0.000000
0.000000
0.000000
0.000000
0.000000
0.000000
0.000000
0.000000
0.000000
0.000000
0.000000
0.000000
0.000000
0.000000
0.000000
0.000000
0.000000
0.000000
0.000000
0.000000
0.000000
0.000000
0.000000
0.000000
0.000000
0.000000
0.000000
0.000000
0.000000
0.000000
0.000000
0.000000
0.000000
0.000000
0.000000
0.000000
0.000000
0.000000
0.000000
0.000000
0.000000
0.000000
0.000000
0.000000
0.000000
0.000000
0.000000
0.000000
0.000000
0.000000
0.000000
0.000000
0.000000
0.000000
0.000000
0.000000
0.000000
0.000000
0.000000
0.000000
0.000000
0.000000
0.000000
0.000000
0.000000
0.000000
0.000000
0.000000
0.000000
0.000000
0.000000
0.000000
0.000000
0.000000
0.000000
0.000000
0.000000
0.000000
0.000000
0.000000
0.000000
0.000000
0.000000
0.000000
0.000000
0.000000
0.000000
0.000000
0.000000
0.000000
0.000000
0.000000
0.000000
0.000000
0.000000
0.000000
0.000000
0.000000
0.000000
0.000000
0.000000
0.000000
0.000000
0.000000
0.000000
0.000000
0.000000
0.000000
0.000000
0.000000
0.000000
0.000000
0.000000
0.000000
0.000000
0.000000
0.000000
0.000000
0.000000
0.000000
0.000000
0.000000
0.000000
0.000000
0.000000
0.000000
0.000000
0.000000
0.000000
