0.954801
0.916651
0.902590
0.891654
0.879189
0.867448
0.852968
0.840931
0.828210
0.813484
0.800842
0.787563
0.776988
0.765197
0.755155
0.746316
0.736932
0.728389
0.720056
0.710455
0.702186
0.693738
0.684312
0.675756
0.667042
0.657344
0.648494
0.639248
0.629232
0.619722
0.609846
0.599238
0.589074
0.578749
0.567670
0.557046
0.546016
0.533831
0.522897
0.511038
0.498801
0.486928
0.475410
0.462711
0.450776
0.438933
0.425735
0.414078
0.401854
0.388390
0.376864
0.364615
0.351884
0.339876
0.328010
0.316028
0.304966
0.293598
0.282041
0.271109
0.260732
0.249617
0.240049
0.230495
0.220856
0.211000
0.202281
0.192927
0.184268
0.175955
0.167082
0.158714
0.150985
0.142672
0.135142
0.128019
0.119863
0.113241
0.106707
0.099506
0.093084
0.086804
0.080220
0.073792
0.067616
0.061758
0.055846
0.050145
0.044022
0.037983
0.031936
0.027064
0.021813
0.016966
0.014946
0.012522
0.009291
0.006463
0.004443
0.003636
0.003232
0.002424
0.002424
0.000808
0.000404
0.000404
0.000404
0.000000
0.000000
0.000000
0.000000
0.000000
0.000000
0.000000
0.000000
0.000000
0.000000
0.000000
0.000000
0.000000
0.000000
0.000000
0.000000
0.000000
0.000000
0.000000
0.000000
0.000000
0.000000
0.000000
0.000000
0.000000
0.000000
0.000000
0.000000
0.000000
0.000000
0.000000
0.000000
0.000000
0.000000
0.000000
0.000000
0.000000
0.000000
0.000000
0.000000
0.000000
0.000000
0.000000
0.000000
0.000000
0.000000
0.000000
0.000000
0.000000
0.000000
0.000000
0.000000
0.000000
0.000000
0.000000
0.000000
0.000000
0.000000
0.000000
0.000000
0.000000
0.000000
0.000000
0.000000
0.000000
0.000000
0.000000
0.000000
0.000000
0.000000
0.000000
0.000000
0.000000
0.000000
0.000000
0.000000
0.000000
0.000000
0.000000
0.000000
0.000000
0.000000
0.000000
0.000000
0.000000
0.000000
0.000000
0.000000
0.000000
0.000000
0.000000
0.000000
0.000000
0.000000
0.000000
0.000000
0.000000
0.000000
0.000000
0.000000
0.000000
0.000000
0.000000
0.000000
0.000000
0.000000
0.000000
0.000000
0.000000
0.000000
0.000000
0.000000
0.000000
0.000000
0.000000
0.000000
0.000000
0.000000
0.000000
0.000000
0.000000
0.000000
0.000000
0.000000
0.000000
0.000000
0.000000
0.000000
0.000000
0.000000
0.000000
0.000000
0.000000
0.000000
0.000000
0.000000
0.000000
0.000000
0.000000
0.000000
0.000000
0.000000
0.000000
0.000000
0.000000
0.000000
0.000000
0.000000
0.000000
0.000000
0.000000
0.000000
0.000000
0.000000
0.000000
0.000000
0.000000
0.000000
0.000000
0.000000
0.000000
0.000000
0.000000
0.000000
0.000000
0.000000
0.000000
0.000000
0.000000
0.000000
0.000000
0.000000
0.000000
0.000000
0.000000
0.000000
0.000000
0.000000
0.000000
0.000000
0.000000
0.000000
0.000000
0.000000
0.000000
0.000000
0.000000
0.000000
0.000000
0.000000
0.000000
0.000000
0.000000
