0.487556
0.487176
0.486785
0.486382
0.485967
0.485539
0.485098
0.484643
0.484175
0.483692
0.483195
0.482682
0.482154
0.481610
0.481050
0.480472
0.479877
0.479263
0.478631
0.477980
0.477309
0.476617
0.475905
0.475171
0.474414
0.473635
0.472832
0.472005
0.471152
0.470274
0.469369
0.468437
0.467476
0.466487
0.465467
0.464417
0.463335
0.462220
0.461072
0.459889
0.458670
0.457415
0.456122
0.454790
0.453419
0.452006
0.450550
0.449052
0.447508
0.445919
0.444282
0.442596
0.440861
0.439074
0.437234
0.435339
0.433389
0.431382
0.429315
0.427189
0.425000
0.422747
0.420429
0.418044
0.415590
0.413065
0.410469
0.407798
0.405051
0.402227
0.399324
0.396339
0.393271
0.390118
0.386879
0.383551
0.380134
0.376624
0.373020
0.369322
0.365526
0.361632
0.357639
0.353543
0.349346
0.345044
0.340638
0.336126
0.331507
0.326781
0.321947
0.317006
0.311956
0.306799
0.301534
0.296163
0.290686
0.285105
0.279422
0.273639
0.267757
0.261781
0.255714
0.249558
0.243319
0.237001
0.230610
0.224151
0.217630
0.211055
0.204433
0.197771
0.191079
0.184365
0.177639
0.170910
0.164189
0.157487
0.150815
0.144184
0.137607
0.131094
0.124659
0.118312
0.112066
0.105933
0.099925
0.094052
0.088325
0.082755
0.077351
0.072121
0.067076
0.062220
0.057561
0.053104
0.048853
0.044811
0.040980
0.037362
0.033955
0.030758
0.027770
0.024986
0.022402
0.020012
0.017811
0.015792
0.013947
0.012269
0.010747
0.009375
0.008142
0.007040
0.006059
0.005190
0.004425
0.003753
0.003167
0.002659
0.002220
0.001843
0.001521
0.001249
0.001018
0.000825
0.000665
0.000532
0.000423
0.000333
0.000261
0.000203
0.000157
0.000120
0.000091
0.000069
0.000051
0.000038
0.000028
0.000020
0.000014
0.000010
0.000007
0.000005
0.000003
0.000002
0.000002
0.000001
0.000001
0.000000
0.000000
0.000000
0.000000
0.000000
0.000000
0.000000
0.000000
0.000000
0.000000
0.000000
0.000000
0.000000
0.000000
0.000000
0.000000
0.000000
0.000000
0.000000
0.000000
0.000000
0.000000
0.000000
0.000000
0.000000
0.000000
0.000000
0.000000
0.000000
0.000000
0.000000
0.000000
0.000000
0.000000
0.000000
0.000000
0.000000
0.000000
0.000000
0.000000
0.000000
0.000000
0.000000
0.000000
0.000000
0.000000
0.000000
0.000000
0.000000
0.000000
0.000000
0.000000
0.000000
0.000000
0.000000
0.000000
0.000000
0.000000
0.000000
0.000000
0.000000
0.000000
0.000000
0.000000
0.000000
0.000000
0.000000
0.000000
0.000000
0.000000
0.000000
0.000000
0.000000
0.000000
0.000000
0.000000
0.000000
0.000000
0.000000
0.000000
0.000000
0.000000
0.000000
0.000000
0.000000
0.000000
0.000000
0.000000
0.000000
0.000000
0.000000
0.000000
0.000000
0.000000
0.000000
0.000000
0.000000
0.000000
0.000000
0.000000
0.000000
0.000000
0.000000
0.000000
0.000000
0.000000
0.000000
0.000000
0.000000
0.000000
0.000000
0.000000
0.000000
0.000000
0.000000
0.000000
0.000000
0.000000
0.000000
0.000000
0.000000
0.000000
0.000000
0.000000
0.000000
0.000000
0.000000
0.000000
0.000000
0.000000
0.000000
0.000000
0.000000
0.000000
0.000000
0.000000
0.000000
0.000000
0.000000
0.000000
0.000000
0.000000
0.000000
0.000000
0.000000
0.000000
0.000000
0.000000
0.000000
0.000000
0.000000
0.000000
0.000000
0.000000
0.000000
0.000000
0.000000
0.000000
0.000000
0.000000
0.000000
0.000000
0.000000
0.000000
0.000000
0.000000
0.000000
0.000000
0.000000
0.000000
0.000000
0.000000
0.000000
0.000000
0.000000
0.000000
0.000000
0.000000
0.000000
0.000000
0.000000
0.000000
0.000000
0.000000
0.000000
0.000000
0.000000
0.000000
0.000000
0.000000
0.000000
0.000000
0.000000
0.000000
0.000000
0.000000
0.000000
0.000000
0.000000
0.000000
0.000000
0.000000
0.000000
0.000000
0.000000
0.000000
0.000000
0.000000
0.000000
0.000000
0.000000
0.000000
0.000000
0.000000
0.000000
0.000000
0.000000
0.000000
0.000000
0.000000
0.000000
0.000000
0.000000
0.000000
0.000000
0.000000
0.000000
0.000000
0.000000
0.000000
0.000000
0.000000
0.000000
0.000000
0.000000
0.000000
0.000000
0.000000
0.000000
0.000000
0.000000
0.000000
0.000000
0.000000
0.000000
0.000000
0.000000
0.000000
0.000000
0.000000
0.000000
0.000000
0.000000
0.000000
0.000000
0.000000
0.000000
0.000000
0.000000
0.000000
0.000000
0.000000
0.000000
0.000000
0.000000
0.000000
0.000000
0.000000
0.000000
0.000000
0.000000
0.000000
0.000000
0.000000
0.000000
0.000000
0.000000
0.000000
0.000000
0.000000
0.000000
0.000000
0.000000
0.000000
0.000000
0.000000
0.000000
0.000000
0.000000
0.000000
0.000000
0.000000
0.000000
0.000000
0.000000
0.000000
0.000000
0.000000
0.000000
0.000000
0.000000
0.000000
0.000000
0.000000
0.000000
0.000000
0.000000
0.000000
0.000000
0.000000
0.000000
