1.000000
1.000000
1.000000
1.000000
1.000000
1.000000
1.000000
1.000000
1.000000
1.000000
1.000000
1.000000
1.000000
1.000000
1.000000
1.000000
1.000000
1.000000
1.000000
1.000000
1.000000
1.000000
1.000000
1.000000
1.000000
1.000000
1.000000
1.000000
1.000000
1.000000
1.000000
1.000000
1.000000
1.000000
1.000000
1.000000
1.000000
1.000000
1.000000
1.000000
1.000000
1.000000
1.000000
1.000000
1.000000
1.000000
1.000000
1.000000
1.000000
1.000000
1.000000
1.000000
1.000000
1.000000
1.000000
1.000000
1.000000
0.999694
0.999694
0.999694
0.999082
0.998470
0.997858
0.996328
0.994493
0.990515
0.987146
0.982285
0.977989
0.971889
0.966132
0.959457
0.952926
0.945410
0.938149
0.930072
0.921581
0.911115
0.902764
0.890715
0.880911
0.870963
0.860872
0.848229
0.836154
0.821613
0.810151
0.800022
0.790161
0.779695
0.769645
0.760813
0.752136
0.744522
0.737571
0.730248
0.723946
0.717493
0.710067
0.703296
0.696621
0.689307
0.682308
0.674960
0.666503
0.657818
0.649543
0.639665
0.630498
0.621056
0.610592
0.600388
0.590475
0.580082
0.570435
0.559780
0.549155
0.539967
0.530893
0.520750
0.511511
0.503006
0.493342
0.484829
0.475440
0.466107
0.457647
0.448619
0.438691
0.428491
0.418731
0.409288
0.401237
0.392072
0.383399
0.375069
0.366853
0.357747
0.349406
0.341756
0.333710
0.325680
0.318113
0.310141
0.302782
0.295371
0.287907
0.280627
0.273755
0.265610
0.258066
0.251374
0.243484
0.235475
0.229051
0.221055
0.213943
0.206966
0.199846
0.193293
0.187215
0.179970
0.173468
0.167624
0.161070
0.154767
0.149099
0.143188
0.137999
0.132396
0.126826
0.121809
0.116066
0.110443
0.104885
0.099674
0.094557
0.089790
0.084681
0.079805
0.075065
0.070652
0.065403
0.060511
0.056089
0.050823
0.046225
0.041884
0.036433
0.031564
0.028446
0.024472
0.020494
0.017434
0.014681
0.011933
0.009485
0.007649
0.006425
0.005813
0.004590
0.002448
0.001836
0.001530
0.000918
0.000612
0.000612
0.000612
0.000306
0.000000
0.000000
0.000000
0.000000
0.000000
0.000000
0.000000
0.000000
0.000000
0.000000
0.000000
0.000000
0.000000
0.000000
0.000000
0.000000
0.000000
0.000000
0.000000
0.000000
0.000000
0.000000
0.000000
0.000000
0.000000
0.000000
0.000000
0.000000
0.000000
0.000000
0.000000
0.000000
0.000000
0.000000
0.000000
0.000000
0.000000
0.000000
0.000000
0.000000
0.000000
0.000000
0.000000
0.000000
0.000000
0.000000
0.000000
0.000000
0.000000
0.000000
0.000000
0.000000
0.000000
0.000000
0.000000
0.000000
0.000000
0.000000
0.000000
0.000000
0.000000
0.000000
0.000000
0.000000
0.000000
0.000000
0.000000
0.000000
0.000000
0.000000
0.000000
0.000000
0.000000
0.000000
0.000000
0.000000
0.000000
0.000000
0.000000
0.000000
0.000000
0.000000
0.000000
0.000000
0.000000
0.000000
0.000000
0.000000
0.000000
0.000000
0.000000
