1.000000 
1.000000 
1.000000 
1.000000 
1.000000 
1.000000 
1.000000 
1.000000 
1.000000 
1.000000 
1.000000 
1.000000 
1.000000 
1.000000 
1.000000 
1.000000 
1.000000 
1.000000 
1.000000 
1.000000 
1.000000 
1.000000 
1.000000 
1.000000 
1.000000 
1.000000 
1.000000 
0.999567 
0.999567 
0.999567 
0.999567 
0.999567 
0.999567 
0.999567 
0.999567 
0.999567 
0.999567 
0.999567 
0.999567 
0.999567 
0.999567 
0.999567 
0.999567 
0.999135 
0.999135 
0.999135 
0.998702 
0.998702 
0.997837 
0.997405 
0.996972 
0.996972 
0.996972 
0.996972 
0.996540 
0.996107 
0.995675 
0.995242 
0.995242 
0.995242 
0.994809 
0.994377 
0.994377 
0.992647 
0.990916 
0.989619 
0.988754 
0.988754 
0.988321 
0.986158 
0.985726 
0.984861 
0.984428 
0.982266 
0.981400 
0.980103 
0.977508 
0.975345 
0.973182 
0.971884 
0.970154 
0.967991 
0.965829 
0.963666 
0.959773 
0.957173 
0.953280 
0.949820 
0.945494 
0.941606 
0.936843 
0.932057 
0.928164 
0.925122 
0.920768 
0.916010 
0.910387 
0.903433 
0.898219 
0.893461 
0.887006 
0.879267 
0.871496 
0.865406 
0.858001 
0.851832 
0.843732 
0.836721 
0.830106 
0.821240 
0.813849 
0.806406 
0.799731 
0.790685 
0.782866 
0.773137 
0.764673 
0.757613 
0.749717 
0.740888 
0.733121 
0.724938 
0.716250 
0.707780 
0.698592 
0.689707 
0.680862 
0.672702 
0.664099 
0.656399 
0.647891 
0.638461 
0.630712 
0.621607 
0.612401 
0.602974 
0.593616 
0.583317 
0.573629 
0.563709 
0.552465 
0.541735 
0.530066 
0.517090 
0.505378 
0.492639 
0.478337 
0.464164 
0.449920 
0.434105 
0.419293 
0.403849 
0.386633 
0.370651 
0.354395 
0.336774 
0.319934 
0.304150 
0.286596 
0.271061 
0.256147 
0.240194 
0.226227 
0.212098 
0.197782 
0.185508 
0.174016 
0.162121 
0.151338 
0.140916 
0.130290 
0.120964 
0.112177 
0.102752 
0.094867 
0.087471 
0.079563 
0.072193 
0.065347 
0.058406 
0.051973 
0.045562 
0.038933 
0.032441 
0.026818 
0.020762 
0.015139 
0.011679 
0.009516 
0.005191 
0.003460 
0.002163 
0.001730 
0.000865 
0.000865 
0.000865 
0.000433 
0.000000 
0.000000 
0.000000 
0.000000 
0.000000 
0.000000 
0.000000 
0.000000 
0.000000 
0.000000 
0.000000 
0.000000 
0.000000 
0.000000 
0.000000 
0.000000 
0.000000 
0.000000 
0.000000 
0.000000 
0.000000 
0.000000 
0.000000 
0.000000 
0.000000 
0.000000 
0.000000 
0.000000 
0.000000 
0.000000 
0.000000 
0.000000 
0.000000 
0.000000 
0.000000 
0.000000 
0.000000 
0.000000 
0.000000 
0.000000 
0.000000 
0.000000 
0.000000 
0.000000 
0.000000 
0.000000 
0.000000 
0.000000 
0.000000 
0.000000 
0.000000 
0.000000 
0.000000 
0.000000 
0.000000 
0.000000 
0.000000 
0.000000 
0.000000 
0.000000 
0.000000 
0.000000 
0.000000 
0.000000 
0.000000 
0.000000 
0.000000 
0.000000 
0.000000 
0.000000 
0.000000 
0.000000 
0.000000 
0.000000 
0.000000 
0.000000 
0.000000 
0.000000 
0.000000 
0.000000 
0.000000 
0.000000 
0.000000 
0.000000 
0.000000 
0.000000 
0.000000 
0.000000 
0.000000 
0.000000 
0.000000 
0.000000 
0.000000 
0.000000 
0.000000 
0.000000 
0.000000 
0.000000 
0.000000 
0.000000 
0.000000 
0.000000 
0.000000 
