1.000000 
1.000000 
1.000000 
1.000000 
1.000000 
1.000000 
1.000000 
1.000000 
1.000000 
1.000000 
1.000000 
1.000000 
1.000000 
1.000000 
1.000000 
1.000000 
1.000000 
1.000000 
1.000000 
1.000000 
1.000000 
1.000000 
1.000000 
1.000000 
1.000000 
1.000000 
1.000000 
1.000000 
1.000000 
1.000000 
1.000000 
1.000000 
1.000000 
1.000000 
1.000000 
1.000000 
1.000000 
1.000000 
1.000000 
1.000000 
1.000000 
1.000000 
1.000000 
1.000000 
1.000000 
1.000000 
1.000000 
1.000000 
1.000000 
1.000000 
1.000000 
1.000000 
1.000000 
1.000000 
1.000000 
1.000000 
1.000000 
1.000000 
1.000000 
1.000000 
1.000000 
1.000000 
1.000000 
1.000000 
1.000000 
1.000000 
1.000000 
1.000000 
1.000000 
1.000000 
1.000000 
1.000000 
1.000000 
1.000000 
1.000000 
1.000000 
1.000000 
1.000000 
1.000000 
1.000000 
1.000000 
1.000000 
1.000000 
1.000000 
0.999531 
0.999531 
0.999531 
0.999531 
0.999531 
0.999531 
0.999531 
0.999061 
0.999061 
0.999061 
0.998592 
0.998592 
0.997654 
0.997184 
0.996715 
0.996715 
0.996715 
0.996246 
0.995776 
0.994838 
0.994369 
0.992961 
0.991084 
0.989206 
0.988268 
0.985921 
0.983575 
0.981229 
0.978882 
0.975597 
0.971843 
0.969027 
0.963865 
0.958703 
0.953081 
0.947919 
0.942756 
0.936660 
0.929640 
0.922629 
0.915553 
0.907955 
0.901339 
0.893384 
0.885607 
0.878214 
0.870850 
0.862164 
0.853745 
0.845988 
0.836880 
0.829034 
0.821051 
0.812992 
0.805099 
0.797127 
0.788536 
0.780191 
0.772070 
0.763210 
0.754780 
0.745976 
0.736358 
0.727356 
0.717010 
0.706134 
0.695699 
0.684931 
0.672295 
0.659514 
0.646463 
0.631323 
0.616587 
0.601602 
0.584532 
0.567596 
0.550033 
0.531055 
0.513063 
0.494173 
0.473736 
0.455513 
0.437287 
0.417852 
0.400006 
0.382082 
0.364034 
0.348237 
0.332654 
0.316972 
0.303027 
0.289344 
0.275803 
0.263472 
0.252238 
0.240602 
0.229895 
0.219218 
0.207864 
0.198121 
0.187895 
0.177541 
0.168851 
0.160482 
0.151288 
0.142868 
0.134613 
0.126102 
0.117136 
0.107944 
0.100225 
0.091494 
0.083333 
0.075162 
0.067643 
0.060683 
0.053291 
0.045561 
0.038986 
0.032875 
0.027209 
0.022985 
0.018293 
0.014069 
0.011263 
0.007978 
0.006101 
0.005631 
0.004224 
0.004224 
0.003754 
0.003285 
0.002816 
0.002816 
0.001877 
0.000939 
0.000469 
0.000469 
0.000469 
0.000469 
0.000469 
0.000000 
0.000000 
0.000000 
0.000000 
0.000000 
0.000000 
0.000000 
0.000000 
0.000000 
0.000000 
0.000000 
0.000000 
0.000000 
0.000000 
0.000000 
0.000000 
0.000000 
0.000000 
0.000000 
0.000000 
0.000000 
0.000000 
0.000000 
0.000000 
0.000000 
0.000000 
0.000000 
0.000000 
0.000000 
0.000000 
0.000000 
0.000000 
0.000000 
0.000000 
0.000000 
0.000000 
0.000000 
0.000000 
0.000000 
0.000000 
0.000000 
0.000000 
0.000000 
0.000000 
0.000000 
0.000000 
0.000000 
0.000000 
0.000000 
0.000000 
0.000000 
0.000000 
0.000000 
0.000000 
0.000000 
0.000000 
0.000000 
0.000000 
0.000000 
0.000000 
0.000000 
0.000000 
0.000000 
0.000000 
0.000000 
0.000000 
0.000000 
0.000000 
0.000000 
0.000000 
0.000000 
0.000000 
0.000000 
0.000000 
0.000000 
