0.9998492896419402
0.9998300369498392
0.9998083252688547
0.9997838406605984
0.999756229141089
0.9997250915820509
0.9996899779656088
0.9996503809110754
0.9996057283825011
0.9995553754744357
0.9994985951608275
0.9994345678780086
0.9993623697971572
0.9992809596243281
0.9991891637469474
0.9990856595244302
0.9989689564971257
0.9988373752620046
0.9986890237352183
0.9985217704908103
0.9983332148313638
0.9981206532102515
0.997881041586501
0.9976109532523324
0.9973065316305335
0.9969634374946468
0.9965767900203208
0.9961411010324284
0.9956502017714149
0.9950971614662093
0.9944741969730501
0.9937725727239048
0.9929824902301239
0.9920929664134355
0.9910917000959844
0.9899649260846994
0.9886972564462275
0.9872715088034154
0.9856685218126572
0.9838669584269539
0.9818430981398559
0.9795706201722467
0.9770203805425346
0.974160187189405
0.9709545788340613
0.9673646151131932
0.9633476877157184
0.9588573648336699
0.9538432841863096
0.948251113158211
0.9420225981182873
0.9350957286005523
0.9274050454817662
0.9188821252271291
0.9094562742027013
0.899055467339581
0.8876075633091528
0.8750418229515937
0.8612907480702262
0.846292243014176
0.8299920811159285
0.8123466318901894
0.7933257735247752
0.7729158801798985
0.7511227377220613
0.7279742087539394
0.7035224432159563
0.6778454200368754
0.6510476136287473
0.6232596104036332
0.5946365563104008
0.5653553944517438
0.5356109458975078
0.505610986891523
0.47557056931233865
0.4457059056082302
0.4162281835701557
0.38733768350605713
0.35921853952257776
0.3320344224462194
0.30592533400424504
0.28100560267074937
0.2573630739428434
0.23505940283225224
0.21413129176263856
0.1945924765444118
0.17643624651963663
0.15963828920663115
0.14415966987482665
0.12994978682697444
0.11694917842059083
0.10509209359225336
0.09430877062723975
0.08452739714072277
0.0756757467763911
0.06768250488252359
0.06047830685392053
0.05399651971099628
0.0481738007348429
0.042950467494268896
0.0382707122042838
0.034082690731149334
0.030338513249625554
0.026994159969340736
0.024009341765579117
0.02134732216323565
0.01897471404288731
0.016861261719924858
0.014979616706846666
0.013305113494129994
0.011815550049567691
0.010490976403956243
0.009313493623676838
0.0082670646291374
0.007337337665769494
0.006511482738127405
0.005778040948521523
0.005126786414453299
0.004548600252697099
0.0040353559946088025
0.0035798157226057947
0.003175536180055283
0.0028167840965902524
0.002498459980654566
0.0022160296550124414
0.0019654628444618627
0.0017431781645763644
0.0015459939033108938
0.0013710840317795459
0.0012159389249807306
0.0010783303167153369
0.0009562800546727424
0.0008480322612085534
0.0007520285424165163
0.0006668859225820167
0.0005913772129340078
0.000524413552845937
0.0004650288883459863
0.00041236617710294077
0.00036566513110647403
0.0003242513281922488
0.0002875265415606121
0.00025496015261938787
0.00022608152703673667
0.00020047324693583946
0.00017776510386291466
0.00015762876760494482
0.0001397730552994414
0.00012393973361002342
0.00010989979420084062
9.745014937390106e-05
8.64107006519621e-05
7.662173835931707e-05
6.794163493550887e-05
6.0244798892772344e-05
5.341986003426502e-05
4.736805984917325e-05
4.2001823929660453e-05
3.72434958598733e-05
3.302421433970526e-05
2.9282917359041427e-05
2.5965459065413476e-05
2.3023826581480833e-05
2.041544547537466e-05
1.8102563851263298e-05
1.6051706170916447e-05
1.4233188914469785e-05
1.2620691082987356e-05
1.1190873336341944e-05
9.923040261483607e-06
8.798840888113446e-06
7.802003123558165e-06
6.918098263142269e-06
6.134332174334567e-06
5.439360132308835e-06
4.823122628283549e-06
4.2766997767618165e-06
3.7921822142461536e-06
3.362556622366064e-06
2.9816042188546277e-06
2.643810746549846e-06
2.3442866602385593e-06
2.078696353713383e-06
1.8431954053044208e-06
1.6343749318359357e-06
1.449212246984466e-06
1.2850271082776032e-06
1.1394429226818659e-06
1.0103523452320573e-06
8.958867764308209e-07
7.943893129969126e-07
7.043907669368465e-07
6.245883967803678e-07
5.538270518856692e-07
4.910824513704171e-07
4.3544635741632476e-07
3.861134284521839e-07
3.423695622561951e-07
3.0358155922449725e-07
2.6918795581476473e-07
2.3869089915695696e-07
2.116489387082865e-07
1.876706369197123e-07
1.6640890387886742e-07
1.4755597166349332e-07
1.308389410148436e-07
1.1601582949882783e-07
1.0287206986259179e-07
9.121740329742778e-08
8.088312697385192e-08
7.17196495525485e-08
6.359432846991808e-08
5.638954758691028e-08
5.000101677143931e-08
4.433626066280283e-08
3.931328063089268e-08
3.4859368169826155e-08
3.0910051962429463e-08
2.7408164959830117e-08
2.430301659916978e-08
2.1549659168229596e-08
1.9108237547804663e-08
1.6943411229597416e-08
1.5023844390782415e-08
1.3321750591543946e-08
1.1812491984564133e-08
1.0474221379119797e-08
9.28756727081037e-09
8.235352511043459e-09
7.302346283211136e-09
6.475042724218838e-09
5.7414668575006544e-09
5.090999843915256e-09
4.5142261040354015e-09
4.00279676071591e-09
3.5493086247839756e-09
3.1471973915842e-09
2.7906423838430783e-09
2.474482618808338e-09
2.1941415351278692e-09
1.9455610456020622e-09
1.7251429174081068e-09
1.5296965916178351e-09
1.3563929979198974e-09
1.2027234763678507e-09
1.066463362064951e-09
9.456408989194642e-10
8.385065974891859e-10
7.435096982533196e-10
6.592753010181696e-10
5.845841588580925e-10
5.183551365917083e-10
4.5962922357034586e-10
4.0755643304635214e-10
3.613831456306116e-10
3.2044100706229983e-10
2.84137380290872e-10
2.519466857364705e-10
2.2340285177335772e-10
1.980928754363731e-10
1.7565038312739034e-10
1.557505235894041e-10
1.3810508292522172e-10
1.224587098391794e-10
1.0858514087885851e-10
9.6283203632197e-11
8.537504037064991e-11
7.570255533551062e-11
6.712608247028129e-11
5.952105475159897e-11
5.277778214463069e-11
4.679856502320945e-11
4.149658394680955e-11
3.679523352673186e-11
3.2626568113869325e-11
2.893019157568233e-11
2.5652591162383942e-11
2.2746471373125132e-11
2.016942168836522e-11
1.7884360659081722e-11
1.585820363914081e-11
1.4061640740692383e-11
1.2468470700355283e-11
1.1055822923822234e-11
9.803269307440132e-12
8.692602193605126e-12
7.707834370762612e-12
6.834532939592464e-12
6.0602634022188795e-12
5.373701483790683e-12
4.764855177086247e-12
4.225064742513496e-12
3.746336574295128e-12
3.3220093342833934e-12
2.9456437289354653e-12
2.6119106877331433e-12
2.3159252293680765e-12
2.0536905509516146e-12
1.8209878049901818e-12
1.6147083670148277e-12
1.4317436125566019e-12
1.269429006356404e-12
1.1257661469699087e-12
9.980904991380157e-13
8.850697952311748e-13
7.847056338050606e-13
6.958877918350481e-13
6.17061957086662e-13
5.471179065352771e-13
4.851674617611934e-13
4.3010039973978564e-13
3.814726312612038e-13
3.381739333008227e-13
2.999822612537173e-13
2.660094367001875e-13
2.3581137043038325e-13
2.091660178393795e-13
1.8540724511240114e-13
1.6431300764452317e-13
1.4588330543574557e-13
1.2922996006636822e-13
1.1457501614131615e-13
1.0169642905566434e-13
9.015010959956271e-14
7.993605777301127e-14
7.083222897108499e-14
6.283862319378386e-14
5.573319583618286e-14
4.929390229335695e-14
4.374278717023117e-14
3.885780586188048e-14
3.441691376337985e-14
3.064215547965432e-14
2.708944180085382e-14
2.398081733190338e-14
2.1316282072803006e-14
1.887379141862766e-14
1.6653345369377348e-14
1.4876988529977098e-14
1.3100631690576847e-14
1.176836406102666e-14
1.0436096431476471e-14
9.103828801926284e-15
8.215650382226158e-15
7.105427357601002e-15
6.439293542825908e-15
5.773159728050814e-15
5.10702591327572e-15
4.440892098500626e-15
3.9968028886505635e-15
3.552713678800501e-15
3.1086244689504383e-15
2.6645352591003757e-15
2.4424906541753444e-15
2.220446049250313e-15
1.9984014443252818e-15
1.7763568394002505e-15
1.5543122344752192e-15
1.3322676295501878e-15
1.1102230246251565e-15
1.1102230246251565e-15
8.881784197001252e-16
8.881784197001252e-16
6.661338147750939e-16
6.661338147750939e-16
6.661338147750939e-16
4.440892098500626e-16
4.440892098500626e-16
4.440892098500626e-16
4.440892098500626e-16
2.220446049250313e-16
2.220446049250313e-16
2.220446049250313e-16
2.220446049250313e-16
2.220446049250313e-16
2.220446049250313e-16
2.220446049250313e-16
2.220446049250313e-16
2.220446049250313e-16
0.0
0.0
0.0
0.0
0.0
0.0
0.0
0.0
0.0
0.0
0.0
0.0
0.0
0.0
0.0
0.0
0.0
0.0
0.0
0.0
0.0
0.0
0.0
0.0
0.0
0.0
0.0
0.0
0.0
0.0
0.0
0.0
0.0
0.0
0.0
0.0
0.0
0.0
0.0
0.0
0.0
0.0
0.0
0.0
0.0
0.0
0.0
0.0
0.0
0.0
0.0
0.0
0.0
0.0
0.0
0.0
0.0
0.0
0.0
0.0
0.0
0.0
0.0
0.0
0.0
0.0
0.0
0.0
0.0
0.0
0.0
0.0
0.0
0.0
0.0
0.0
0.0
0.0
0.0
0.0
0.0
0.0
0.0
0.0
0.0
0.0
0.0
0.0
0.0
0.0
0.0
0.0
0.0
0.0
0.0
0.0
0.0
0.0
0.0
0.0
0.0
0.0
0.0
0.0
0.0
0.0
0.0
0.0
0.0
0.0
0.0
0.0
0.0
0.0
0.0
0.0
0.0
0.0
0.0
0.0
0.0
