0.4999999989694232
0.49999999860803024
0.49999999811990736
0.49999999746061413
0.4999999965701262
0.4999999953673704
0.49999999374284343
0.4999999915486427
0.49999998858500033
0.49999998458209577
0.4999999791754904
0.49999997187294776
0.4999999620096185
0.49999994868751035
0.4999999306937319
0.4999999063900665
0.49999987356382414
0.4999998292263909
0.4999997693411363
0.4999996884559069
0.49999957920664795
0.4999994316469627
0.4999992323425738
0.49999896314824954
0.4999985995558529
0.4999981084631355
0.4999974451601767
0.4999965492591717
0.4999953391971296
0.4999937048112152
0.4999914973111903
0.49998851573677333
0.4999844886683469
0.4999790495284401
0.4999717032299953
0.49996178114344403
0.499948380298107
0.4999302813108192
0.4999058376211737
0.49987282604280314
0.49982824519542024
0.499768043777923
0.49968675451160516
0.49957700146077344
0.4994288377580669
0.49922885686194957
0.4989590026500217
0.4985949812913476
0.49810415071701775
0.4974427323686294
0.49655215758403715
0.4953543343984439
0.4937456141200761
0.4915892782148707
0.48870650335937915
0.48486607590229863
0.47977373626782305
0.4730630942239167
0.4642917131567632
0.4529482174941975
0.4384787041045768
0.4203420306977953
0.39810114892655585
0.37154814131297764
0.34084215610346696
0.3066164201446582
0.2699972665055508
0.23249362890685915
0.19576544136206658
0.16133997254878207
0.130374026231314
0.10353439858743518
0.08100917698892274
0.06261068245376039
0.04791294779256655
0.036378512326304346
0.027452231461105203
0.02061880473269795
0.015430814193875875
0.011516836578950695
0.00857805269836509
0.006379373309615799
0.004738812973317574
0.0035171435003834017
0.00260876234854468
0.0019340770563744392
0.001433377888884091
0.0010620247002738337
0.0007867282342214343
0.0005827103656639299
0.0004315535829365058
0.00031958222302430617
0.00023664931114741883
0.0001752302865079547
0.00012974757376044144
9.60680691975413e-05
7.112975020445722e-05
5.266448974827753e-05
3.899243113492101e-05
2.8869526678299007e-05
2.1374537708840347e-05
1.582530566879292e-05
1.1716724884647256e-05
8.674799211905171e-06
6.422615811463306e-06
4.755147020030215e-06
3.5205910283719888e-06
2.6065552107823464e-06
1.9298256422883853e-06
1.4287921795141934e-06
1.0578398983995818e-06
7.831965005422603e-07
5.798577572546648e-07
4.29311140859312e-07
3.178504364154122e-07
2.353279114353235e-07
1.7423044662567833e-07
1.2899552537248837e-07
9.550480700726283e-08
7.070918139895355e-08
5.23511687888778e-08
3.875939147413021e-08
2.869640647329419e-08
2.1246044146217002e-08
1.572999702714739e-08
1.1646064723702665e-08
8.622431602045566e-09
6.383815420729633e-09
4.726404323474043e-09
3.4993020703311117e-09
2.5907886946896497e-09
1.9181499721909745e-09
1.42014633386367e-09
1.0514379367165816e-09
7.784562994217481e-10
5.763479693499107e-10
4.267124431578395e-10
3.159263961549641e-10
2.3390334114026246e-10
1.7317569600550087e-10
1.2821466111034852e-10
9.492662211840752e-11
7.028111426166106e-11
5.2034265785039224e-11
3.852473895449293e-11
2.8522628703342434e-11
2.111744112909264e-11
1.5634715744283767e-11
1.157551832164927e-11
8.570255616291433e-12
6.345146630337695e-12
4.697797706398887e-12
3.4781066915456904e-12
2.575051283315588e-12
1.9065860001887813e-12
1.411537553508424e-12
1.0450529330796599e-12
7.737144258612716e-13
5.728750807065808e-13
4.241051954068098e-13
3.1397107136399427e-13
2.324807013565078e-13
1.7208456881689926e-13
1.2745360322696797e-13
9.43689570931383e-14
6.983302824892235e-14
5.1736392947532295e-14
3.83026943495679e-14
2.8310687127941492e-14
2.098321516541546e-14
1.554312234475219e-14
1.1546319456101628e-14
8.548717289613705e-15
6.328271240363392e-15
4.6629367034256575e-15
3.4416913763379853e-15
2.55351295663786e-15
1.887379141862766e-15
1.4432899320127035e-15
9.992007221626409e-16
7.771561172376096e-16
5.551115123125783e-16
4.440892098500626e-16
3.3306690738754696e-16
2.220446049250313e-16
2.220446049250313e-16
1.1102230246251565e-16
1.1102230246251565e-16
1.1102230246251565e-16
0.0
0.0
0.0
0.0
0.0
0.0
0.0
0.0
0.0
0.0
0.0
0.0
0.0
0.0
0.0
0.0
0.0
0.0
0.0
0.0
0.0
0.0
0.0
0.0
0.0
0.0
0.0
0.0
0.0
0.0
0.0
0.0
0.0
0.0
0.0
0.0
0.0
0.0
0.0
0.0
0.0
0.0
0.0
0.0
0.0
0.0
0.0
0.0
0.0
0.0
0.0
0.0
0.0
0.0
0.0
0.0
0.0
0.0
0.0
0.0
0.0
0.0
0.0
0.0
0.0
0.0
0.0
0.0
0.0
0.0
0.0
0.0
0.0
0.0
0.0
0.0
0.0
0.0
0.0
0.0
0.0
0.0
0.0
0.0
0.0
0.0
0.0
0.0
0.0
0.0
0.0
0.0
0.0
0.0
0.0
0.0
0.0
0.0
0.0
0.0
0.0
0.0
0.0
0.0
0.0
0.0
0.0
0.0
0.0
0.0
0.0
0.0
0.0
0.0
0.0
0.0
0.0
0.0
0.0
0.0
0.0
0.0
0.0
0.0
0.0
0.0
0.0
0.0
0.0
0.0
0.0
0.0
0.0
0.0
0.0
0.0
0.0
0.0
0.0
0.0
0.0
0.0
0.0
0.0
0.0
0.0
0.0
0.0
0.0
0.0
0.0
0.0
0.0
0.0
0.0
0.0
0.0
0.0
0.0
0.0
0.0
0.0
0.0
0.0
0.0
0.0
0.0
0.0
0.0
0.0
0.0
0.0
0.0
0.0
0.0
0.0
0.0
0.0
0.0
0.0
0.0
0.0
0.0
0.0
0.0
0.0
0.0
0.0
0.0
0.0
0.0
0.0
0.0
0.0
0.0
0.0
0.0
0.0
0.0
0.0
0.0
0.0
0.0
0.0
0.0
0.0
0.0
0.0
0.0
0.0
0.0
0.0
0.0
0.0
0.0
0.0
0.0
0.0
0.0
0.0
0.0
0.0
0.0
0.0
0.0
0.0
0.0
0.0
0.0
0.0
0.0
0.0
0.0
0.0
0.0
0.0
0.0
0.0
0.0
0.0
0.0
0.0
0.0
0.0
0.0
0.0
0.0
0.0
0.0
0.0
0.0
0.0
0.0
0.0
0.0
0.0
0.0
0.0
0.0
0.0
0.0
0.0
0.0
0.0
0.0
0.0
0.0
0.0
0.0
0.0
0.0
0.0
0.0
0.0
0.0
0.0
0.0
0.0
0.0
0.0
0.0
0.0
0.0
0.0
0.0
0.0
0.0
0.0
0.0
0.0
0.0
0.0
0.0
0.0
0.0
0.0
0.0
0.0
0.0
0.0
0.0
0.0
0.0
0.0
0.0
0.0
0.0
0.0
0.0
0.0
0.0
