1.000000
1.000000
1.000000
1.000000
1.000000
1.000000
1.000000
1.000000
1.000000
1.000000
1.000000
1.000000
1.000000
1.000000
1.000000
1.000000
1.000000
1.000000
1.000000
1.000000
1.000000
1.000000
1.000000
1.000000
1.000000
1.000000
1.000000
1.000000
1.000000
1.000000
1.000000
1.000000
1.000000
1.000000
1.000000
1.000000
1.000000
1.000000
1.000000
1.000000
1.000000
1.000000
1.000000
1.000000
0.999596
0.999596
0.999596
0.999596
0.998383
0.997170
0.995957
0.993936
0.989077
0.984226
0.979763
0.972682
0.963513
0.956344
0.948261
0.937809
0.929050
0.916930
0.906785
0.896677
0.882919
0.869904
0.856354
0.843208
0.830194
0.816206
0.804119
0.791201
0.780047
0.767321
0.755131
0.742388
0.728141
0.714513
0.700849
0.685620
0.670411
0.655747
0.640297
0.624866
0.609866
0.594200
0.579246
0.564577
0.550053
0.536968
0.523800
0.511058
0.498883
0.486948
0.475348
0.463360
0.452888
0.442374
0.430750
0.419688
0.407728
0.396104
0.384619
0.372689
0.359589
0.348702
0.336376
0.324206
0.313048
0.301890
0.291209
0.280852
0.270426
0.259755
0.250515
0.242106
0.231588
0.221839
0.214385
0.205260
0.197284
0.189053
0.180353
0.171376
0.164223
0.154977
0.147398
0.139716
0.131532
0.124299
0.117946
0.110362
0.104015
0.097079
0.090756
0.082821
0.076180
0.070484
0.064044
0.057832
0.051382
0.045736
0.038888
0.032593
0.028550
0.024508
0.021664
0.018596
0.014958
0.012532
0.010106
0.008085
0.005255
0.004043
0.003638
0.002021
0.001213
0.000809
0.000404
0.000404
0.000000
0.000000
0.000000
0.000000
0.000000
0.000000
0.000000
0.000000
0.000000
0.000000
0.000000
0.000000
0.000000
0.000000
0.000000
0.000000
0.000000
0.000000
0.000000
0.000000
0.000000
0.000000
0.000000
0.000000
0.000000
0.000000
0.000000
0.000000
0.000000
0.000000
0.000000
0.000000
0.000000
0.000000
0.000000
0.000000
0.000000
0.000000
0.000000
0.000000
0.000000
0.000000
0.000000
0.000000
0.000000
0.000000
0.000000
0.000000
0.000000
0.000000
0.000000
0.000000
0.000000
0.000000
0.000000
0.000000
0.000000
0.000000
0.000000
0.000000
0.000000
0.000000
0.000000
0.000000
0.000000
0.000000
0.000000
0.000000
0.000000
0.000000
0.000000
0.000000
0.000000
0.000000
0.000000
0.000000
0.000000
0.000000
0.000000
0.000000
0.000000
0.000000
0.000000
0.000000
0.000000
0.000000
0.000000
0.000000
0.000000
0.000000
0.000000
0.000000
0.000000
0.000000
0.000000
0.000000
0.000000
0.000000
0.000000
0.000000
0.000000
0.000000
0.000000
0.000000
0.000000
0.000000
0.000000
0.000000
0.000000
0.000000
0.000000
0.000000
0.000000
0.000000
0.000000
0.000000
0.000000
0.000000
0.000000
0.000000
0.000000
0.000000
0.000000
0.000000
0.000000
0.000000
0.000000
0.000000
0.000000
0.000000
0.000000
0.000000
0.000000
0.000000
0.000000
0.000000
0.000000
0.000000
0.000000
0.000000
