0.9878715650157258
0.9871297082805175
0.9863431019098079
0.9855091254817056
0.9846250150439139
0.9836878565049673
0.9826945788846247
0.9816419474446597
0.9805265567256293
0.9793448235200642
0.9780929798179356
0.9767670657662569
0.9753629226913157
0.9738761862393293
0.9723022796993122
0.9706364075806636
0.968873549527439
0.9670084546614826
0.965035636457551
0.9629493682652488
0.9607436796049732
0.958412353378081
0.9559489241450516
0.9533466776394158
0.9505986516994853
0.9476976388142734
0.9446361904941832
0.9414066236907692
0.9380010295027909
0.9344112844174587
0.9306290643457272
0.9266458617181683
0.9224530059127183
0.9180416872867408
0.9134029850825985
0.9085278994674557
0.9034073879534457
0.89803240642272
0.8923939549522996
0.886483128595177
0.8802911732258786
0.873809546499942
0.8670299839068318
0.8599445698143262
0.852545813309133
0.8448267285336766
0.836780919103134
0.8284026660610009
0.8196870186972538
0.8106298874127579
0.8012281376697067
0.7914796839240384
0.7813835822960057
0.7709401206040621
0.7601509042701307
0.7490189365066895
0.7375486911237183
0.7257461762521228
0.7136189872753069
0.7011763472969913
0.6884291335552526
0.6753898883229461
0.6620728130145371
0.6484937444485392
0.6346701124908536
0.620620878622897
0.6063664553328898
0.5919286066104374
0.577330330223137
0.5625957228574463
0.5477498296014987
0.5328184796215186
0.5178281102226799
0.5028055817771615
0.487777986235719
0.4727724521052653
0.45781594886718746
0.4429350938257737
0.4281559643125864
0.4135039180334322
0.3990034241352389
0.38467790729882445
0.37054960684060223
0.3566394524437585
0.34296695775042974
0.3295501326443536
0.31640541465158345
0.30354761949748843
0.29098991049249145
0.27874378608611494
0.2668190846363111
0.2552240051939737
0.24396514290411297
0.23304753747650886
0.2224747330790109
0.2122488479536745
0.20237065204595772
0.19283965096563138
0.18365417465954947
0.1748114692653121
0.16630779072534918
0.15813849886740128
0.15029815079444464
0.1427805925699418
0.13557904832858936
0.12868620608479842
0.12209429964796081
0.11579518618270956
0.10978041907210134
0.10404131585068066
0.09856902107201371
0.09335456406115339
0.08838891157672846
0.08366301547018684
0.07916785548182892
0.07489447735526744
0.07083402648477011
0.06697777733441634
0.06331715888511225
0.05984377637614857
0.05654942961309106
0.05342612811418512
0.050466103363967396
0.047661818436096515
0.045005975238260665
0.04249151962089781
0.04011164457898386
0.037859791762653416
0.03572965149837737
0.033715161508093616
0.03181050449936296
0.030010104785506697
0.02830862408094148
0.02670095660370042
0.025182223604501064
0.02374776742977225
0.022393145214818277
0.021114122292809734
0.019906665395552525
0.018766935712991373
0.01769128187014557
0.016676232872614438
0.01571849106491474
0.014814925139675417
0.01396256323008549
0.013158586112928639
0.01240032054500928
0.011685232751729058
0.01101092208297949
0.010375114848348854
0.009775658340831495
0.009210515055780744
0.008677757109707085
0.008175560861656495
0.007702201738306269
0.007256049262536202
0.006835562284059349
0.006439284409706536
0.006065839630133851
0.005713928139027158
0.0053823223403308695
0.005069863038570155
0.0047754558069905695
0.004498067527972882
0.004236723099991235
0.003990502305250998
0.003758536832078385
0.003540007446102611
0.003334141304291993
0.0031402094059513885
0.002957524174870718
0.0027854371669123745
0.002623336897449091
0.002470646783200303
0.002326823193163463
0.0021913536034962044
0.0020637548513718906
0.0019435714829973971
0.001830374191166162
0.0017237583378778565
0.0016233425577509841
0.0015287674381124772
0.001439694271833103
0.0013558038791372518
0.0012767954947923155
0.0012023857172377417
0.0011323075163733876
0.0010663092968875576
0.0010041540141439986
0.0009456183397983375
0.0008904918744505608
0.0008385764047755817
0.0007896852026987311
0.000743642364312791
0.0007002821863436592
0.0006594485780920811
0.000620994506880912
0.000584781475146734
0.0005506790274075746
0.0005185642854355077
0.0004883215100528471
0.00045984168805401904
0.00043302214283669205
0.0004077661674046773
0.0003839826784739486
0.00036158589048795875
0.00034049500841093483
0.00032063393822878705
0.0003019310141518794
0.0002843187415653148
0.00026773355482678785
0.00025211558906335085
0.00023740846516395742
0.00022355908721483075
0.00021051745165800995
0.00019823646750527502
0.00018667178696685216
0.0001757816458993755
0.0001655267135052263
0.00015586995075023147
0.00014677647699723462
0.00013821344438236238
0.0001301499194841238
0.00012255677186545633
0.00011540656909270197
0.00010867347785314951
0.00010233317082197768
9.636273894253478e-05
9.074060880787105e-05
8.54464648482045e-05
8.046117604476599e-05
7.576672690690067e-05
7.134615246651155e-05
6.718347705680916e-05
6.326365665276779e-05
5.957252457033935e-05
5.609674032647227e-05
5.282374147730362e-05
4.974169826121866e-05
4.683947088512941e-05
4.410656929632051e-05
4.153311529997428e-05
3.9109806884374265e-05
3.682788462189279e-05
3.467910003074337e-05
3.265568578025846e-05
3.075032763055763e-05
2.8956138009794685e-05
2.7266631131173114e-05
2.5675699559801757e-05
2.417759214623505e-05
2.2766893245873554e-05
2.143850315072804e-05
2.0187619661271583e-05
1.90097207336537e-05
1.7900548137883554e-05
1.6856092069361672e-05
1.587257665791597e-05
1.4946446321162377e-05
1.4074352915560695e-05
1.3253143633873421e-05
1.2479849611390925e-05
1.1751675194959788e-05
1.1065987837732827e-05
1.0420308585668003e-05
9.812303114586918e-06
9.239773295366405e-06
8.700649246073944e-06
8.192981851506964e-06
7.714935717273441e-06
7.264782534766034e-06
6.840894833715083e-06
6.441740099449866e-06
6.065875232774687e-06
5.711941333363946e-06
5.378658787136281e-06
5.0648226403993135e-06
4.76929824400063e-06
4.491017151830867e-06
4.228973257247581e-06
3.9822191572058685e-06
3.7498627262211315e-06
3.5310638915042603e-06
3.3250315967237043e-06
3.1310209402946043e-06
2.9483304840871583e-06
2.776299717233144e-06
2.614306667481081e-06
2.4617656531056298e-06
2.3181251660453484e-06
2.1828658763878295e-06
2.0554987567589222e-06
1.93556331307132e-06
1.8226259199671802e-06
1.716278253516279e-06
1.616135814064279e-06
1.5218365373437237e-06
1.4330394842998473e-06
1.3494236092981282e-06
1.270686598942028e-06
1.1965437791694455e-06
1.1267270864090406e-06
1.060984098022466e-06
9.990771191459302e-07
9.407823251539327e-07
8.858889500862333e-07
8.341985267001917e-07
7.855241670462476e-07
7.39689888673567e-07
6.96529977028959e-07
6.558883866025766e-07
6.176181768235978e-07
5.815809814846418e-07
5.47646507143007e-07
5.156920631632644e-07
4.856021171839586e-07
4.5726787900601806e-07
4.305869052423361e-07
4.0546273016861534e-07
3.8180451678027083e-07
3.5952672861050416e-07
3.385488192009234e-07
3.187949427774228e-07
3.00193678581806e-07
2.8267777318902176e-07
2.661838975903663e-07
2.5065241771038416e-07
2.3602717891257896e-07
2.2225530360575618e-07
2.092869987313506e-07
1.9707537712854162e-07
1.8557628767013057e-07
1.747481549463359e-07
1.6455182927366252e-07
1.549504458076001e-07
1.4590929042768153e-07
1.3739567439330358e-07
1.2937881688213082e-07
1.2182973230245864e-07
1.1472112670940504e-07
1.0802729921710608e-07
1.0172404751873643e-07
9.578858251035882e-08
9.019944402499647e-08
8.493642422724434e-08
7.99804948936611e-08
7.53137375797408e-08
7.09192794490221e-08
6.678123209979958e-08
6.28846341665934e-08
5.9215397918421786e-08
5.576025685627428e-08
5.25067186396555e-08
4.944302012255264e-08
4.65580842767821e-08
4.384148100111673e-08
4.128338770836848e-08
3.8874555796653e-08
3.660627623247592e-08
3.447034779835434e-08
3.245904800497357e-08
3.056510489152231e-08
2.8781670935451587e-08
2.710229785041207e-08
2.5520914048726695e-08
2.403180199284094e-08
2.2629577656196886e-08
2.1309171316374886e-08
2.006580901436905e-08
1.889499523510807e-08
1.7792496698199045e-08
1.6754327814005876e-08
1.5776734585415397e-08
1.4856182728451017e-08
1.3989343683462607e-08
1.317308373494086e-08
1.2404451577019415e-08
1.1680667877378426e-08
1.0999116173415757e-08
1.0357331992061347e-08
9.752995189238334e-09
9.18392062398965e-09
8.64805083100606e-09
8.143448249064988e-09
7.668288781736976e-09
7.2208541368468104e-09
6.799526719447613e-09
6.402783192527295e-09
6.029189147938041e-09
5.677393888348092e-09
5.346125320215833e-09
5.034185734942298e-09
4.7404475900236775e-09
4.46384862407001e-09
4.203388970225319e-09
3.958126715275512e-09
3.727175013068518e-09
3.509699197934424e-09
3.3049130099271906e-09
3.112075486200183e-09
2.9304900728277516e-09
2.759499739823923e-09
2.5984865370531907e-09
2.4468682635614414e-09
2.304096691219115e-09
2.1696555663197614e-09
2.043059055267804e-09
1.923849080043283e-09
1.811595096157248e-09
1.7058907619826869e-09
1.6063543828437332e-09
1.5126255803465938e-09
1.4243659585133628e-09
1.3412559951575531e-09
1.2629954859733061e-09
1.1893013240893424e-09
1.1199072780243569e-09
1.0545619932855743e-09
9.930296585025644e-10
9.350877849811923e-10
8.805265405698037e-10
8.291489717038303e-10
7.807692270489497e-10
7.35212335456481e-10
6.923137618741748e-10
6.519180750785836e-10
6.138796138088765e-10
5.78060488365395e-10
5.443314687880729e-10
5.125704305442014e-10
4.826625765730341e-10
4.544997711519727e-10
4.2798031785196144e-10
4.030082934036727e-10
3.7949332565290206e-10
3.5735037151596316e-10
3.364992728904781e-10
3.168649786999822e-10
2.9837643467089947e-10
2.8096658333254254e-10
2.6457258606171763e-10
2.4913493490430483e-10
2.345983407536778e-10
2.2090973494925947e-10
2.080200456333614e-10
1.9588242139434442e-10
1.8445289740043336e-10
1.7369017335511217e-10
1.6355561349712389e-10
1.5401235842205097e-10
1.4502599121613002e-10
1.3656387132243708e-10
1.285955786300974e-10
1.2109224734047075e-10
1.1402656596715133e-10
1.0737322142517769e-10
1.0110823289721793e-10
9.520872978896477e-11
8.965339581834542e-11
8.44222469709166e-11
7.949640945525971e-11
7.48578976583758e-11
7.048983619029059e-11
6.637690397326423e-11
6.250400197416184e-11
5.88569193382682e-11
5.5422777478497665e-11
5.218891985236951e-11
4.914380014042763e-11
4.6276316112425775e-11
4.357603167193247e-11
4.1033398900935936e-11
3.863931397063425e-11
3.638467305222548e-11
3.4261704584537256e-11
3.22626370063972e-11
3.0380142845842784e-11
2.8607338720121334e-11
2.6938229424899873e-11
2.5366375666635577e-11
2.3886226330205318e-11
2.249267438969582e-11
2.118016872998396e-11
1.9944268458971237e-11
1.8780532684559148e-11
1.768474255925412e-11
1.6652901280167498e-11
1.568123408901556e-11
1.4766188272119507e-11
1.3904655205010386e-11
1.3093304218614321e-11
1.2329248733067288e-11
1.1610046257715112e-11
1.0932588168088841e-11
1.0294654018139227e-11
9.694023361817017e-12
9.128253708468037e-12
8.595790745857812e-12
8.094191983332166e-12
7.621903108656625e-12
